% Model:              omc_unitcell_iso.mph
% Version:            COMSOL 6.2.0.658
% Date:               Jul 1 2026, 12:28
% Dimension:          3
% Nodes:              305
% Expressions:        2
% Description:        Electric field, y-component, Electric field norm
% Length unit:        m
% X                       Y                        Z                        ewfd.Ey (V/m) @ lambda=1.3E-11                    ewfd.normE (V/m) @ lambda=1.3E-11
-3.3087224502121107E-24   3.11640147700064E-7      -1.1976618988071797E-8   -14510.281005571476-181234.19424845173i           6562104.869635409
8.271806125530277E-25     3.251713317899763E-7     -4.5402139950156244E-8   -378407.2142710739-209107.51003998224i            7008231.303886761
3.3087224502121107E-24    3.341587528859366E-7     2.3248404524220318E-23   -97086.53755651637+11841.066728326083i            6989696.679658939
3.3087224502121107E-24    2.1377803373446657E-7    -8.98969548131277E-8     -866374.0085872099+8598.572076280125i             4347852.261408546
3.3087224502121107E-24    2.873933361043472E-7     -1.114077343861201E-7    -895569.1241310304-73598.48216299975i             6829666.219549632
0                         3.182396563385692E-7     -6.343381124083152E-8    -682849.814513734-129587.23296698299i             6800886.931145027
-1.6543612251060553E-24   1.99411942363288E-7      -1.1418858509067949E-7   -1373844.0258428685-27228.948714629496i           4320489.811065295
0                         2.1845653395423077E-7    -1.6518554386307116E-7   -1511608.2765729395-214795.98096063i              5516097.606267171
3.3087224502121107E-24    2.4663417250518805E-7    -1.4426116112124456E-7   -1461566.3947435552-78704.36233815423i            6033197.636559419
-1.0339757656912846E-25   1.1513907745767914E-7    -2.0461885748524736E-7   -82738.32372579518-1747559.8405497465i            4639886.155826077
4.1359030627651384E-25    2.5720174943636357E-7    5.1192065844283316E-8    389503.3939204723+255776.426581334i               4590018.451359975
0                         2.538559103127853E-7     5.584570174921412E-8     413723.77574258175+249677.62784553162i            4525998.113089338
0                         3.24970696555981E-7      5.0869258428683064E-8    372832.4950403182+214294.0393839993i              7006416.507291755
0                         3.258812924319995E-7     4.569473248067654E-8     278538.21911464434+245916.52194322576i            7006752.115027642
-3.3087224502121107E-24   2.951442792554136E-7     1.024258598957873E-7     818361.2014699909+133341.28362335367i             7076859.646704586
0                         3.221038368927431E-7     5.584714369209338E-8     475284.99676713545+144254.49460871887i            6894972.509126593
0                         2.5315329523993733E-7    6.001853845885086E-8     418962.3724293373+36063.17613485106i              4748801.221200654
0                         2.5085145295922413E-7    5.462592438847495E-8     361689.212122552+171508.30875882297i              4466092.348931496
-1.6543612251060553E-24   1.8936295177487544E-7    -5.345153217925148E-8    -159182.96422587286-202262.3093808971i            3130502.4248852655
0                         3.0382501758412077E-7    -4.485991782714857E-8    -362415.30751901167-271858.24697187525i           6137013.4443581905
0                         3.232695709983424E-7     -5.53045889386516E-8     -556024.413908121-213857.0329996851i              6977574.640487485
3.3087224502121107E-24    2.3887937212247125E-7    -7.0981566033776E-9      51613.906146213136-209797.91999591672i            3936731.9018063797
0                         2.1590675670731769E-7    1.6443578411235084E-7    1379867.5721200693+525563.5662224342i             5155906.072653023
8.271806125530277E-25     2.0626333866638028E-7    1.6851892779815737E-7    1355649.5406542937+804596.4783115002i             4913890.606632369
8.271806125530277E-25     2.478102917674804E-7     5.7999085052770066E-8    429783.0599929569-48437.50368213753i              4563453.354168896
8.271806125530277E-25     2.0848700466590606E-7    1.7050596155886884E-7    1359481.5315660788+846240.0841449432i             5221281.150472325
3.3087224502121107E-24    1.8845011221180134E-7    -7.933319908910908E-8    -514389.1095928653-209526.03184507135i            3057828.658179806
-1.0587911840678754E-22   0                        -2.184438086758795E-7    1800319.4536016602-2597482.207089922i             3314134.326706337
6.6174449004242214E-24    7.412316040165247E-8     -9.059081845819273E-8    -578959.8336966874-216357.1787517687i             2596387.753311462
0                         1.1222187758084808E-7    -2.0359382100811807E-7   172802.15316400662-1687188.352246643i             4341125.026977032
-1.6543612251060553E-24   1.6148098076991665E-7    -8.194116355486126E-8    -466456.20799348044-272017.94845225074i           2409724.4043387943
0                         1.1244237034527167E-7    -2.0569679271964817E-7   -127890.37687515643-1740106.6166288354i           4649353.238802888
0                         1.114934002831982E-7     -2.0583860403134034E-7   151415.4584522586-1769409.5041156476i             4427198.900042906
0                         2.0046547469079038E-7    1.684949217441033E-7     1242338.0957039811+706952.7298303432i             4630697.685137889
-3.3087224502121107E-24   1.1811756029585402E-7    1.0937180041687409E-7    556855.9411876275+382076.5892408658i              2434967.629292087
0                         9.892122696120922E-8     2.0811770775040243E-7    -676552.7923727379+1982156.5032541207i            4477244.2328166235
-1.0587911840678754E-22   0                        2.1844380867587958E-7    -1979615.895249582+2488489.4060891657i            3378016.464926039
8.271806125530277E-25     2.040893509695161E-7     1.7271580831706605E-7    1424357.4040959983+829307.7022149093i             5018996.030807977
0                         9.901265081548767E-8     2.086243933096728E-7     -460892.5597786198+1956884.6205051756i            4606093.570648779
-1.0339757656912846E-25   9.844532377288113E-8     2.0870917300429743E-7    -667724.869778307+2065694.7673857831i             4545153.349630698
0                         4.3156852068532967E-7    -9.441573109727262E-8    -1353564.181010493+919676.984316264i              7907772.824189682
3.3087224502121107E-24    4.0481067694876277E-7    -7.106334885445178E-8    -1028137.8463577358+1151864.4148494243i           7061942.916110627
0                         4.0481067694876277E-7    -1.2247503680099905E-7   -1748862.440666274+537497.9571671168i             8939513.596251199
3.3087224502121107E-24    4.2236659387354457E-7    -3.3156600261566373E-7   -3013556.148425895+131208.36162699107i            1.3220960585130252E7
-3.3087224502121107E-24   4.0481067694876277E-7    -3.1657404149144293E-7   -2782020.136243505-440694.14668913954i            1.2982025833153052E7
-3.3087224502121107E-24   4.048106769487627E-7     -3.4115748411427057E-7   -2659645.4842696823-808194.1294491002i            1.3675477209087083E7
0                         4.502508420350996E-7     -2.9324605695653366E-7   -2894009.3283666545+503575.0595633859i            1.1930148779199522E7
0                         4.561468564307357E-7     -2.3347254581814542E-7   -2565194.561765805+443144.0867822237i             1.1331683779892737E7
-3.3087224502121107E-24   4.0481067694876277E-7    -2.218305523870462E-7    -2481961.5632031914+182984.46970858122i           1.1910709049401656E7
0                         4.0481067694876277E-7    -2.491234228295679E-7    -2581313.3736045756-226698.68381029717i           1.2291046956893582E7
0                         4.0481067694876277E-7    -1.847936517365227E-7    -2465094.369161297+1238253.3905077772i            1.034640923465872E7
0                         4.997136481438985E-7     -5.4578163674120465E-8   -613824.1592186807+355238.82757596904i            5086883.799600691
3.3087224502121107E-24    4.489461804632103E-7     -5.6775778379933294E-8   -745714.0563484984+244737.85232832638i            5341602.999582885
3.3087224502121107E-24    4.4989759452706147E-7    -1.6556817874517087E-8   -159736.81338867365+410354.9194444755i            5523011.878372431
3.3087224502121107E-24    5.064721380278715E-7     -9.25383604059818E-8     -1034840.9966381491+71779.01500073192i            6508302.298012736
-3.3087224502121107E-24   4.814698782554942E-7     -7.107843754157303E-8    -884270.0046671685-72883.5576289084i              5589714.86555512
0                         4.0481067694876277E-7    2.3721473678056144E-8    310509.12756208755-119051.8177524535i             6589586.259475894
-3.3087224502121107E-24   4.0481067694876277E-7    -2.908572125757574E-8    -496544.97879182524+428984.085783698i             6724204.352446668
0                         4.375981764020514E-7     -1.443441900957181E-7    -1687633.3837233162+81245.43769348052i            8474804.029430762
-3.3087224502121107E-24   4.993313195216967E-7     -2.159181114847459E-7    -1991583.3241092346-559738.277304323i             1.0660857528498193E7
0                         5.165759812286529E-7     -1.5276612097377223E-7   -1570061.493972211+421951.54264913296i            8868745.73554508
0                         4.777461392223046E-7     -1.1661254719235383E-7   -1267786.541684546+578711.551169558i              7474166.060157094
1.6543612251060553E-24    6.117018165168023E-7     -2.3743763663215706E-7   -2182797.543495396+129844.53414594992i            1.276009181792502E7
-1.6543612251060553E-24   4.569758984411236E-7     -3.472823263841108E-7    -3079926.5579677112+340762.0219356789i            1.3068555746979656E7
-1.6543612251060553E-24   4.0481067694876277E-7    -3.9919901680121826E-7   -3395260.966134758+663.4520544793146i             1.3490354545941276E7
3.3087224502121107E-24    5.081525458428524E-7     -3.9970774983858666E-7   -2668495.037375886-2121.207663433568i             1.4074162516158938E7
3.3087224502121107E-24    4.962314594314798E-7     -4.457236684465527E-7    -2727825.3778738827-68677.75828525901i            1.4476500584817614E7
3.3087224502121107E-24    4.2957613825231527E-7    -4.457236684465527E-7    -3138649.0940201445-441670.477074746i             1.3511511252685085E7
3.3087224502121107E-24    4.0481067694876277E-7    -4.457236684465527E-7    -3787410.4674372505+665177.4037209977i            1.4862186492043845E7
3.3087224502121107E-24    7.584990733679616E-7     -3.525345509788203E-7    -2331618.9278616263+859183.0992586113i            1.722581273282174E7
1.6543612251060553E-24    6.455923658273635E-7     -2.9779599197226205E-7   -2313724.6421231856+346980.5664115943i            1.4716439574414618E7
-1.3234889800848443E-23   6.594171668704031E-7     -4.457236684465528E-7    -2603459.0270434916+460430.6026140848i            1.7706542894562434E7
0                         7.115433440389336E-7     -4.4572366844655277E-7   -2768302.508713171+1179430.4680349603i            1.787624678110412E7
0                         6.13672952558064E-7      -4.457236684465528E-7    -2431348.1124044815-557441.7481883694i            1.6618381110877521E7
0                         5.835703006909465E-7     -3.9683597509188217E-7   -2542542.344208996-444122.29412574007i            1.5523175231961215E7
1.6543612251060553E-24    5.073206154392238E-7     1.6639490242751647E-8    212442.99426595852+323996.8815576754i             5477931.917012426
0                         4.872041077290517E-7     5.2308274107395806E-8    613893.5098486688+85065.5723667802i               6016594.477472588
0                         4.0481067694876277E-7    1.360940974810027E-7     2047140.975775956-732798.4860426553i              9372158.073895937
0                         4.0481067694876277E-7    5.720766611629198E-8     848079.944701928-676703.9895826381i               6773116.165401457
0                         4.862892861970411E-7     7.59710070016916E-8      909067.7703099772-308022.16284606827i             6136643.0775057245
6.6174449004242214E-24    1.7939660431371156E-7    5.0528916286388705E-9    85753.268807025-64492.49760447586i                4061741.2227032273
0                         2.459427215263416E-7     5.2736472453813216E-8    425024.0934388072+138193.2111959773i              4460344.306736319
3.3087224502121107E-24    1.5707454531081041E-7    6.25005572267353E-8      109740.00148790875+438903.3408505916i             3177962.732154193
6.6174449004242214E-24    2.1433983851951722E-7    7.1700210684364934E-9    17043.384105108875-106325.47559081044i            4842163.335290598
0                         2.49260976348461E-7      5.607337329607634E-8     371521.4799548065-89818.09637743875i              4672999.867283268
-1.3234889800848443E-23   6.246188711819906E-7     3.9309164022119866E-8    372281.58104783576-77961.54275579352i             3871993.494540258
0                         5.960440285226311E-7     2.988217108289382E-8     279543.95488183625-305962.8441081532i             3853004.477006798
-1.6543612251060553E-24   5.631430720862984E-7     6.27649824210615E-8      677674.5017700274+72331.3336859167i               4528952.622791289
-1.6543612251060553E-24   6.691471139469493E-7     -6.92448852235418E-8     -722994.8178393261-21060.772396842345i            6412867.060550546
-1.6543612251060553E-24   4.4978337932055604E-7    1.5899387636454964E-7    1767120.888419379-198727.5902257081i              8674050.923807278
0                         5.281021162220563E-7     1.0122790767266414E-7    1035479.933449779-194198.47205205078i             6307136.447155386
0                         5.408635932871615E-7     1.6874223547965604E-7    1632414.0159341581+280189.5719824705i             9355952.22280554
0                         5.191967007498003E-7     7.363267056516884E-8     773210.2866180233+19253.712262781784i             5204157.699980194
0                         1.2144320308462883E-6    -4.4572366844655277E-7   294165.9953505475+1507321.2753719245i             1.6805371787412584E7
0                         9.711902279227485E-7     -1.706099099539873E-7    -779787.7961695562+951516.9462101767i             1.074361043965375E7
5.790264287871194E-24     9.829586933867662E-7     -1.6127963750351202E-7   -746913.9152191114+703185.6778052347i             9773725.306232445
1.3234889800848443E-23    1.214432030846288E-6     -1.0860767275448962E-7   223315.81176116207+489370.63801487454i            5708998.418966498
1.3234889800848443E-23    9.682376450528536E-7     -1.6514818570509336E-7   -701338.4962081884+1173733.6312742864i            1.0425408638545582E7
1.406207041340147E-23     9.726521862409165E-7     -1.6285283285125584E-7   -726467.8083038446+891983.8541769965i             1.0089235890118496E7
1.6543612251060553E-24    9.626704923717386E-7     -1.6119038765285642E-7   -749951.3877291437+831838.4770456883i             9893804.528376378
1.6543612251060553E-24    9.754909361905512E-7     -1.5889962744497584E-7   -674125.1234068217+848728.2221513991i             9599045.0612915
8.271806125530277E-25     9.387796828040267E-7     -1.92233150566557E-7     -1037417.7964557866+897798.8420277067i            1.1824804003802871E7
6.6174449004242214E-24    8.550869066977325E-7     -3.054656588009247E-8    -255289.4021588654+215841.96932806255i            2862359.0200981093
-6.6174449004242214E-24   7.891679577345008E-7     -7.479479087737868E-8    -779658.79926294-127349.62386746552i              5290280.39788326
1.3234889800848443E-23    7.97048117412347E-7      -6.302097202391355E-9    137323.26213475742+353562.247605275i              3015770.8642743155
6.6174449004242214E-24    7.520580860383995E-7     -1.3288742342409566E-8   27639.99749954141+162256.2387460104i              2623260.073027339
0                         7.054127686436632E-7     -1.0157113773708578E-7   -1017012.9684424266+222088.1590490009i            6663731.089394462
3.3087224502121107E-24    5.052561387145081E-7     -2.446466948904555E-7    -2002729.2081520078-616802.6371682186i            1.176274712583915E7
0                         6.247238596707543E-7     -2.5434599037638164E-7   -2266701.6770424834+232890.4147193461i            1.329664616287092E7
0                         5.214366592560964E-7     -3.381466525268136E-7    -2372828.920586071-670650.8348081699i             1.399843685258152E7
-1.6543612251060553E-24   6.30222716919134E-7      -2.3418625134157275E-7   -2148757.289589447-54558.39387064923i             1.2655692889091475E7
6.6174449004242214E-24    5.576046715284379E-7     -1.2432629581684775E-7   -1277695.9885667001-383496.4448234168i            7555726.74780014
0                         5.49458049142369E-7      -5.2424835329014184E-8   -416103.1120590687+488073.27776163747i            4806716.548401332
-1.6543612251060553E-24   6.772966468641454E-7     -1.1254496970161925E-7   -1076632.8101567824+168081.85382262152i           7286671.249112099
0                         7.589645985661259E-7     -1.6652353284211032E-7   -1199887.2390487986+775939.4587114423i            1.0580343349986132E7
0                         7.894428415806573E-7     -2.946914164752046E-7    -2126021.6886645793+712856.024584539i             1.6237855475699157E7
-1.6543612251060553E-24   6.480993456055181E-7     -2.4946320709047333E-7   -2154896.3054496073+68828.37490946981i            1.3249654807365218E7
1.6543612251060553E-24    6.929039943739884E-7     -1.2131650012357304E-7   -1079456.7411923215+316422.52355954057i           7773277.687415351
1.6543612251060553E-24    6.387782450892036E-7     -2.640761444177972E-7    -2254074.7518975865+212618.3269442084i            1.379216076255868E7
0                         7.742683920110035E-7     -3.156157027512449E-7    -2252589.3655148717+914692.0538146532i            1.6710059591348454E7
-3.3087224502121107E-24   5.495370825295924E-7     -3.5901745045618887E-7   -2419610.029025255-509503.47187646467i            1.4553130719431896E7
0                         8.518735131742949E-7     -4.457236684465528E-7    -1920404.7194097666+1301342.8514091258i           1.881320966339923E7
0                         8.064277864561567E-7     -3.349980882823954E-7    -2112933.75724314+878987.6967028198i              1.7388891148436546E7
-3.3087224502121107E-24   4.3658923736319153E-7    2.472402499771893E-7     2716210.532199207-554011.6414459489i              1.1292392789803457E7
0                         4.0481067694876277E-7    2.5753493727551003E-7    2541541.43386732+594000.8828585829i               1.237056806487695E7
0                         4.0481067694876277E-7    2.0714308067700738E-7    2691990.6062498195-649081.0012030645i             1.060358152959506E7
-2.6469779601696886E-23   7.245654816930181E-7     6.376431187878918E-8     575934.0222825301-238621.61151435546i             5008586.637324015
0                         6.930442476933175E-7     5.100816087261462E-8     418555.25530889863-310212.1100275401i             4518749.73138342
1.6543612251060553E-24    6.926043182087825E-7     -8.272410280721334E-8    -914958.5741594671+81505.96949212857i             6975808.211833053
0                         4.048106769487628E-7     2.79063042588469E-7      2806987.3594719563+39744.50433243776i             1.2866442014499735E7
3.3087224502121107E-24    4.0481067694876277E-7    3.379968755225224E-7     2969972.0396137536-36034.2680382377i              1.3444834959896771E7
0                         4.7333691249732846E-7    3.3810438509062026E-7    2530266.6739759254+595503.6295967241i             1.3017694713188397E7
0                         4.7278923339143395E-7    3.314883455331893E-7     2684014.7871505013+262719.8095475158i             1.3211614214629767E7
-3.3087224502121107E-24   4.0481067694876277E-7    3.6038578813905066E-7    2928699.7343228897+179819.31424760981i            1.3768056190631237E7
0                         4.0481067694876277E-7    4.099925578214459E-7     3593776.8157503917-451960.62218864384i            1.367250390168558E7
0                         6.509859582013704E-7     1.3255461462843295E-7    1330444.926645255-21863.608589869644i             8268328.510062687
0                         6.705836698145423E-7     1.485399450120071E-7     1444037.5376420754-39682.70207537389i             9041305.95040484
0                         6.578698432351904E-7     1.5991641382153506E-7    1503285.172671593-73631.80763357709i              9721712.029321233
0                         6.410384686553871E-7     1.6274714920797545E-7    1574479.2092317794-141821.90221990412i            9640202.22303326
0                         4.788499947104467E-7     3.425026801200342E-7     2653813.599225987+266571.2597677919i              1.3244554347460112E7
1.6543612251060553E-24    4.2957613825231527E-7    4.457236684465527E-7     3184662.903392395+317283.4441538475i              1.3616125669126263E7
0                         4.962314594314798E-7     4.457236684465528E-7     2727825.37787388+68677.75828524842i               1.4474762852508174E7
-6.6174449004242214E-24   5.643604176755028E-7     2.482016625425285E-7     2090249.2938927857+60952.19728310092i             1.2577419507874444E7
0                         6.526453161246262E-7     1.8190332702945102E-7    1622503.9084423967-265882.4765047199i             1.055790902691248E7
6.6174449004242214E-24    6.41117934249498E-7      2.923429392833327E-7     2470853.2402579295-580045.3642760271i             1.46984053965029E7
-6.6174449004242214E-24   5.761765813329171E-7     2.9910786931305563E-7    2260736.428861107+346807.33916536014i             1.4490930899179332E7
0                         4.820829262188099E-7     3.355042066868296E-7     2772357.7130175754+25136.760624664796i            1.3103364716736995E7
0                         4.211107416564642E-7     1.7500732835666212E-7    2445856.1774004763-813563.3374834716i             9997621.45226518
3.3087224502121107E-24    4.0481067694876277E-7    1.622613169736564E-7     3001704.517389397-1535017.2583349235i             1.0808919209639069E7
0                         5.122042016630905E-7     2.1271907331504992E-7    1813079.947799382-170416.5528379359i              1.1510525821498672E7
0                         4.786782271399676E-7     3.345049319927811E-7     2778370.1345117013-22412.37526923367i             1.3479201527270094E7
6.6174449004242214E-24    9.170441589635832E-7     1.3913097951325565E-7    442751.52692339954-853803.8448810044i             1.0023865001788547E7
1.6543612251060553E-23    8.840109665589397E-7     1.555873715367559E-7     717317.3793876567-693052.4311654968i              1.0477870598121237E7
0                         7.191376553515902E-7     1.6671927879709242E-7    1440736.4981142015-243930.4426675508i             1.0192267820483591E7
-6.6174449004242214E-24   8.582082660181202E-7     2.0329463399612063E-7    1404492.7679312325-390870.6422011824i             1.2410958293892657E7
1.9852334701272664E-23    9.168045775200016E-7     1.838839511341664E-7     1189782.8055509713-1100943.1005369155i            1.1537184876985988E7
-1.3234889800848443E-23   8.947124546920311E-7     2.1609288361610416E-7    1499753.4129424386-858268.5111495377i             1.2783080792562123E7
5.293955920339377E-23     1.2144320308462883E-6    1.3163477256883595E-7    -165371.47468522197-362113.38672935916i           7324695.948896134
0                         1.2144320308462883E-6    4.4572366844655277E-7    -305643.0019279598-1570976.3119469832i            1.6804305157472786E7
-6.6174449004242214E-24   1.2047294125653607E-7    -5.4177059992643494E-8   -535058.3337003329-107210.28792201713i            2621156.484567079
0                         2.429292671279745E-7     5.948826477865517E-8     499625.5576740322+140312.59077798523i             4413153.488986473
6.6174449004242214E-24    0                        4.436886207510373E-8     -15145.342860634686+325570.9020173307i            428076.66983592225
6.6174449004242214E-24    5.812045785468935E-8     -2.552427027151395E-9    -32223.30421421612+27244.960805286908i            644559.1281607926
6.6174449004242214E-24    0                        -4.436886207510373E-8    81654.65297384305-257738.31238152788i             368367.43154295225
0                         7.655579962140228E-8     6.542684884060526E-8     61678.96443602022+548470.741756241i               1163247.900240721
0                         6.866435007000858E-7     -1.0938876761640242E-7   -1113302.8626839004+128750.4027478239i            7211092.812100522
0                         4.771927731982387E-7     3.36489827235441E-7      2634407.168545313+299075.7870224919i              1.4149914860955888E7
3.3087224502121107E-24    4.0481067694876277E-7    4.457236684465527E-7     3787410.4674372463-665177.4037210078i             1.4867200061399199E7
0                         6.651249287303628E-7     1.6790702109120413E-7    1491388.962292416-162331.13610410717i             1.0244613773753202E7
4.1359030627651384E-25    4.867723564772883E-7     3.418091714985628E-7     2636212.009068716+342328.3415563399i              1.2924977223401565E7
-6.6174449004242214E-24   6.136729525580642E-7     4.457236684465528E-7     2430194.095161988+431916.6555576941i              1.6739470716933288E7
0                         6.881616988740355E-7     3.978295959370143E-7     2518314.2647816194-732673.2495059132i             1.7273876682674546E7
6.6174449004242214E-24    6.594171668704033E-7     4.457236684465528E-7     2566871.2641864573-392000.81932793284i            1.7661502695112046E7
6.6174449004242214E-24    6.400077995513397E-7     4.145395176181685E-7     2318030.7964588176-142984.36112276293i            1.736516068442545E7
6.6174449004242214E-24    7.115433440389337E-7     4.457236684465528E-7     2768302.5087131676-1179430.468034967i             1.787757545629934E7
0                         6.653123572430028E-7     1.7967980069664388E-7    1580269.34027538-266355.4411997784i               1.0737786959735647E7
6.6174449004242214E-24    7.079823640439226E-7     3.146782694854729E-7     2283979.41572164-648159.322228867i                1.6284625533385564E7
0                         8.518735131742948E-7     4.457236684465527E-7     1957416.0786150517-1172253.6260101998i            1.8826142722056344E7
0                         7.868661569218205E-7     3.7218715107475933E-7    1834388.7321746312-457536.74651280657i            1.771494427960672E7
-3.3087224502121107E-24   3.713163589710846E-7     2.28719275193699E-8      22521.240992890365+15240.123362752307i            7031919.087486936
0                         3.258812924319995E-7     4.569473248067654E-8     324141.22970830137-1323879.5216544906i            6582443.434987459
3.3087224502121107E-24    3.341587528859366E-7     2.3248404524220318E-23   -62347.36492484747-71836.83401289373i             6995339.304941474
0                         3.67742134455443E-7      -2.622766939059858E-9    12563.360168512372+60091.962646214364i            6484862.902336283
-3.3087224502121107E-24   4.0481067694876277E-7    -2.908572125757574E-8    -71381.24570227583-51006.09009256676i             6636831.517888579
1.6543612251060553E-24    3.349284580711162E-7     -4.838043261769996E-8    -288829.85617172637+1387698.15262294i             6473509.733496638
8.271806125530277E-25     3.251713317899763E-7     -4.5402139950156244E-8   -219553.25875958917+1414864.5939279739i           6660373.263071854
0                         3.2584904163317056E-7    5.4761703028297576E-8    207168.550418879-1728483.7612551637i              6564215.7787109455
0                         3.24970696555981E-7      5.0869258428683064E-8    180271.12445377698-1693572.5342138044i            6607096.113767157
0                         3.221038368927431E-7     5.584714369209338E-8     208133.86647609828-1701508.2958792595i            6380443.734508291
0                         3.905486564586962E-7     1.5070927513429238E-7    538527.7315290186+215104.17326684078i             9810518.498706091
-1.6543612251060553E-24   3.695278543888481E-7     1.425007216743512E-7     661280.4397186537-537577.4109815593i              8643196.753797675
-3.3087224502121107E-24   2.951442792554136E-7     1.024258598957873E-7     669392.0879251015-1833638.5134697894i             5754872.528113872
0                         4.0481067694876277E-7    5.720766611629198E-8     146747.41024116278-231040.803574109i              6635772.255487931
-8.271806125530277E-25    3.3156828818064024E-7    5.3161048325825355E-8    296921.2227620083-1493257.4554736977i             6477890.174030262
-3.3087224502121107E-24   3.538787295229262E-7     -1.2398315886083805E-7   -944535.1910364026+1191053.8308146766i            8162456.936691726
0                         4.0481067694876277E-7    -1.2247503680099905E-7   -339206.0422068481-160152.86155640046i            8617042.749323381
8.271806125530277E-25     3.3638825816599775E-7    -6.395905135374167E-8    -289706.50552374555+1484895.833121143i            6430127.649713391
0                         3.182396563385692E-7     -6.343381124083152E-8    -430321.40573286527+1960263.6717815443i           6203892.687810051
3.3087224502121107E-24    2.873933361043472E-7     -1.114077343861201E-7    -729033.5288536915+1806825.7080770284i            5569138.767913096
-3.3087224502121107E-24   3.015852552501473E-7     -1.6685527697298306E-7   -569682.4525146462+991625.5002592274i             6953802.564123245
0                         3.232695709983424E-7     -5.53045889386516E-8     -212554.83954360263+1895140.5753180357i           6499160.6126183765
-3.3087224502121107E-24   2.623301555560212E-7     -1.838422404158222E-7    -1113059.8599634303+1039266.2058026169i           5408803.532940181
0                         2.1845653395423077E-7    -1.6518554386307116E-7   -1237396.706332528+1235743.245010739i             3755188.8934718654
3.3087224502121107E-24    2.4663417250518805E-7    -1.4426116112124456E-7   -1406660.0582746924+1660523.1629763208i           4193443.694326263
-3.3087224502121107E-24   3.0650930569558767E-7    -2.1794848318051102E-7   -1283508.938205551+1049491.4492521961i            7902912.5182044115
3.3087224502121107E-24    2.470772530883222E-7     -2.3543370847644549E-7   -1540936.9504900845+1088252.096653682i            6596617.884391864
0                         2.2069103669620642E-7    -2.2885546097923546E-7   -1562108.4040468822+1129242.0263263942i           5676096.505433962
8.271806125530277E-25     1.9445774481720757E-7    -2.8327782105937676E-7   -69368.32667697327+238104.11313372376i            9199944.920599284
0                         1.183621861921214E-7     -2.078816710009919E-7    129409.38230895644-1026524.3767573081i            3867886.586609753
-1.0339757656912846E-25   1.1513907745767914E-7    -2.0461885748524736E-7   113393.73073130031-1161500.3211266783i            3800187.548623764
0                         3.0257191062034473E-7    1.576897610256885E-7     1748513.2702799519-2091567.429254269i             6854322.999645774
0                         2.1731686092286983E-7    1.7520511471491508E-7    1216902.9439850692-1314489.2216951211i            3314285.4743781
-3.3087224502121107E-24   3.111376090332974E-7     2.2109966464668137E-7    1380766.7494072726-1185127.9793478146i            8602303.65715851
0                         2.1590675670731769E-7    1.6443578411235084E-7    866338.1302567053-1499245.6104668626i             2853849.5225163484
-1.6543612251060553E-24   3.7398138207890795E-7    1.7497596113962513E-7    1181198.240447988-750095.5806320902i              9345055.567481866
8.271806125530277E-25     2.0848700466590606E-7    1.7050596155886884E-7    938839.8135586263-1225563.9906433905i             2522104.7466921047
0                         1.610450647624651E-7     -3.1113300659520074E-7   1683103.844763589-551489.0446611576i              1.119997428410911E7
0                         1.1244237034527167E-7    -2.0569679271964817E-7   192519.37680062035-1374292.243396968i             3936983.607204132
0                         1.5542147801101528E-7    -3.257577205699684E-7    2096939.6285444954-620957.7984118665i             1.1111991460388998E7
0                         1.1210284432675364E-7    -2.0657976494489885E-7   274499.0975903333-1394323.0838439767i             4118088.7367199855
0                         0                        -3.3208373856121613E-7   6358936.013128637-3024959.7086705654i             7122493.401138879
-1.0587911840678754E-22   0                        -2.184438086758795E-7    2242006.2474692734-2735040.436349997i             3552794.1003629435
0                         1.114934002831982E-7     -2.0583860403134034E-7   46436.89765124183-1119449.56882721i               3475946.9587138277
-8.271806125530277E-25    2.043848287327706E-7     3.01824057255159E-7      -298556.14304487547-151178.4761312652i            9053236.993172674
0                         9.901265081548767E-8     2.086243933096728E-7     -719954.6478848122+1748158.479955712i             4148784.8522589575
8.271806125530277E-25     2.040893509695161E-7     1.7271580831706605E-7    681378.1809443163-1282846.8507075412i             2704652.693710961
8.271806125530277E-25     2.0806462318456905E-7    1.7420550492035314E-7    911394.3295570787-1373832.7175381437i             2905844.946963341
-8.271806125530277E-25    2.0890160161240936E-7    3.0351667623886993E-7    198635.3592285719-347125.49171406584i             9336203.656664237
-8.271806125530277E-25    2.0375301438726548E-7    3.067090812444527E-7     -279215.73183905636-293814.78816323285i           9365944.164028695
-1.0339757656912846E-25   9.89591295183069E-8      2.0903820604204621E-7    -687284.6726278448+1489198.9605596624i            4328038.378925819
-1.0339757656912846E-25   9.844532377288113E-8     2.0870917300429743E-7    -543145.837872821+1333734.4123900502i             3913375.3137296666
-1.0587911840678754E-22   0                        2.1844380867587958E-7    -2237485.18473903+2620197.181136528i              3450244.9113131473
0                         9.688521219864761E-8     3.184452727390873E-7     -3629004.999043124+1360585.7184710028i            8907211.603922633
0                         9.940305354074083E-8     3.2005765833954787E-7    -3172789.2195104365+1108901.6092502116i           9659573.208298285
1.6543612251060553E-24    2.975031488633426E-7     -2.9339614738355517E-7   -1927460.730962888+1321703.684263343i             7593681.826036796
6.6174449004242214E-24    2.917936601563077E-7     -3.1736775741026994E-7   -1783983.8473041384+1145144.793763957i            7964869.010240856
0                         3.1858335174886756E-7    -3.122210637167122E-7    -2042621.8866383445+1175055.0692493326i           8899750.652210645
3.3087224502121107E-24    3.005644256617372E-7     -3.2556268764508506E-7   -1681499.3843233413+1038371.0047231162i           7900087.788799904
4.963083675318166E-24     2.889914814077966E-7     -3.3208997454653474E-7   -1667883.5400272394+1095205.7812041019i           8317083.95876914
1.6543612251060553E-24    3.005211138875588E-7     -4.339063223617766E-7    -1388855.8177745552+1259133.648537676i            8623663.309047157
1.6543612251060553E-24    3.040417081880036E-7     -4.457236684465528E-7    -1466987.144499643+1138669.9704566838i            8507241.0712723
3.3087224502121107E-24    3.1575663290721403E-7    -4.457236684465528E-7    -1555825.2762440613+1083099.5090561933i           8189485.662694554
1.6543612251060553E-24    3.1493360207967284E-7    -4.239959674058959E-7    -1662491.2306969245+1278361.3165396906i           8045626.789674605
1.6543612251060553E-24    3.555500665578169E-7     -4.4572366844655277E-7   -1485080.9106419766+725479.9246174702i            1.047738575669637E7
0                         2.1400389587682244E-7    -4.457236684465527E-7    361616.820816237+566864.5711649382i               1.3022205775224697E7
0                         2.1611376013759174E-7    -4.1265784208138033E-7   289323.29161528556+466323.9328002925i             1.2488028601577945E7
3.3087224502121107E-24    4.0481067694876277E-7    -7.106334885445178E-8    -217121.01937890812+284503.51677996246i           6778876.801437276
0                         4.0481067694876277E-7    2.3721473678056144E-8    75900.16438278569+55586.27433613671i              6620046.944753387
6.6174449004242214E-24    3.8331229340881396E-7    -3.394459883762836E-7    -93314.56069152892-56777.137381121865i            1.1255715498233616E7
-1.6543612251060553E-24   4.0481067694876277E-7    -3.9919901680121826E-7   -533337.4717140443+39935.50869585024i             1.3120569353630751E7
-3.3087224502121107E-24   4.048106769487627E-7     -3.4115748411427057E-7   -779017.9758609559+400682.6206689983i             1.247014115479231E7
-3.3087224502121107E-24   4.0481067694876277E-7    -3.1657404149144293E-7   -695203.5210854836+79647.21331401319i             1.219146928044902E7
0                         3.624841859934109E-7     -2.1742384376173693E-7   -455221.89249400556+282417.131054233i             8754640.323434971
0                         4.0481067694876277E-7    -2.491234228295679E-7    -611091.2932127198+197738.7732144106i             1.1383835856698304E7
-3.3087224502121107E-24   4.0481067694876277E-7    -2.218305523870462E-7    -753008.2430169675+555880.0435422023i             1.093886985531237E7
0                         4.0481067694876277E-7    -1.847936517365227E-7    -798038.855798056+91917.12384221966i              9733447.666370116
3.3087224502121107E-24    4.0481067694876277E-7    -4.457236684465527E-7    -86477.79351945769-511608.9505676263i             1.3474107770208495E7
0                         4.0481067694876277E-7    1.360940974810027E-7     275773.05271987326+500688.6786695719i             9269986.626796456
0                         2.2749097318003724E-7    -2.457370449823213E-7    -1491692.6046071248+913235.2294660553i            7224774.849150032
-3.3087224502121107E-24   2.3413233341041154E-7    -2.543701145832266E-7    -1354544.284246752+756544.2464148293i             7027738.952249255
-8.271806125530277E-25    2.3440395028456402E-7    -3.2236736814764417E-7   -797068.4285687116+803017.4660509872i             1.0066994125223583E7
0                         1.5993522287077374E-7    -3.380866968469554E-7    1925950.6165391782-296425.9968312501i             1.1665723101038102E7
0                         1.6759313036861802E-7    -3.2612549477155674E-7   1260506.2709328253+47783.17025630205i             1.2079810829265004E7
0                         1.8911699668253973E-7    -4.419077192662658E-7    1396460.932370949+41815.764447719805i             1.3865692694782281E7
0                         1.8667391565649347E-7    -4.457236684465527E-7    1975193.4574403884-153914.94459533473i            1.3920027001003861E7
0                         1.913342646905239E-7     -4.457236684465527E-7    1340811.8176456604+374724.8352607525i             1.4019557780528141E7
-1.6543612251060553E-24   1.396310857758312E-7     -3.5782484311461526E-7   2981084.5460057603-1101684.9996769503i            1.1174181209174925E7
-3.3087224502121107E-24   7.611575413599851E-8     -4.457236684465527E-7    6230187.710483219-2330993.318279864i              1.1378610500958107E7
8.271806125530277E-25     1.7748454918846015E-7    -4.457236684465527E-7    2016002.740639065-287819.6134279203i              1.3685425923614547E7
0                         0                        -4.4572366844655277E-7   7865120.4267161675-2707384.3186281035i            8330706.069230245
3.3087224502121107E-24    3.2009757832018636E-7    3.2677928377364126E-7    2032941.6529887333-1089451.3237406434i            8613735.587084413
-3.3087224502121107E-24   3.0619600246222623E-7    3.3486896995387694E-7    1665579.0530215849-956063.3244384987i             7804646.147702883
-4.963083675318166E-24    3.0383053908689365E-7    3.1660022825710494E-7    1862460.3312834627-1219459.2847649436i            7763788.7408234
-8.271806125530277E-25    2.192539704550321E-7     2.947657511655832E-7     689306.2023437312-458906.2029187459i              9256354.15980789
0                         2.3837125222619716E-7    3.146040095279286E-7     926288.4740015548-758772.6322427841i              9112319.935309114
-3.3087224502121107E-24   2.987758188315725E-7     3.49862275930646E-7      1570188.1997458776-982294.2851319583i             8119642.090477517
3.3087224502121107E-24    4.0481067694876277E-7    1.622613169736564E-7     100662.3054363136+705968.4768961547i              1.0001365560392665E7
6.6174449004242214E-24    3.7922861640659704E-7    2.5872567663945717E-7    150105.1989183177-109043.41483927057i             1.028182046436863E7
0                         4.0481067694876277E-7    2.5753493727551003E-7    769741.2403979548-625297.48124697i                1.1465278467362067E7
0                         4.0481067694876277E-7    2.0714308067700738E-7    605809.3352272566-180770.95669841426i             1.0248509969453761E7
0                         4.048106769487628E-7     2.79063042588469E-7      619555.43709959-249769.32882138295i               1.174530896432826E7
3.3087224502121107E-24    4.0481067694876277E-7    3.379968755225224E-7     661449.8579376183-213458.06067548136i             1.2224878304217689E7
-3.3087224502121107E-24   3.784650435248287E-7     3.533711258179332E-7     -8572.477706294972-97575.56757311928i             1.0958724806626791E7
-3.3087224502121107E-24   4.0481067694876277E-7    3.6038578813905066E-7    609642.8379509718-295539.079346477i               1.2411014858548634E7
8.271806125530277E-25     2.1870583030792516E-7    4.1491011538750973E-7    -248894.7252815259-505023.8172255119i             1.2600951274986919E7
3.3087224502121107E-24    3.3029999519553334E-7    4.308186424710969E-7     2044383.6431214993-1093572.8372091092i            8904897.136632377
0                         3.157566329072141E-7     4.4572366844655277E-7    1529325.5878455702-878181.3627281361i             8077319.267721887
0                         3.555500665578171E-7     4.457236684465527E-7     1488036.6705384224-740870.6394171134i             1.0614441213639088E7
0                         2.140038958768217E-7     4.4572366844655277E-7    -323759.1700719862-558473.8159088837i             1.2933451602148972E7
-1.6543612251060553E-24   3.040417081880036E-7     4.4572366844655277E-7    1377617.4882809974-1301281.031357171i             8441400.662410943
-6.6174449004242214E-24   3.1346570626984056E-7    4.252272709540098E-7     1534850.8005594974-1037072.4902238471i            7958948.894131444
0                         4.0481067694876277E-7    4.099925578214459E-7     340009.02771320636+296843.1358584558i             1.3284982710530784E7
-8.271806125530277E-25    2.0391193386512348E-7    3.133088118671505E-7     -319378.22845585947-429135.57686998247i           9623294.26707452
0                         1.866739156564935E-7     4.4572366844655277E-7    -1855065.734143425+123259.43515340124i            1.3937329693161404E7
0                         9.946902311506326E-8     3.227972936925604E-7     -3469982.1295400634+1352808.4473445811i           1.0088829041156244E7
1.0587911840678754E-22    0                        3.320837385612162E-7     -6275848.64433709+2961802.058629092i              6954554.045965768
0                         9.754913313934993E-8     3.27493234507198E-7      -3872877.8039025567+1632507.594797771i            9857557.015457902
3.3087224502121107E-24    7.611575413599854E-8     4.457236684465528E-7     -6254943.27381406+2326353.5212882035i             1.1396028687789053E7
0                         1.7748454918846047E-7    4.4572366844655277E-7    -2016002.74063906+287819.6134279234i              1.3686689623705568E7
0                         0                        4.4572366844655277E-7    -7865120.426716158+2707384.318628121i             8330706.069230242
-8.271806125530277E-25    2.101473059029679E-7     3.08022941317334E-7      -146363.62895445028-614130.8910962889i            9747932.43743806
0                         1.9134251536632702E-7    4.4176598740277313E-7    -1258472.8441312641-217824.95799115082i           1.393899049210834E7
3.3087224502121107E-24    4.0481067694876277E-7    4.457236684465527E-7     86477.7935194436+511608.9505676336i               1.3480051243112769E7
0                         1.913342646905238E-7     4.4572366844655277E-7    -1340811.817645668-374724.8352607451i             1.4014670173636679E7
0                         9.688521219864761E-8     3.206212832158238E-7     -3650716.710852032+1411550.0684930526i            9114841.470790543
