% Model:              omc_unitcell_iso.mph
% Version:            COMSOL 6.2.0.658
% Date:               Jul 1 2026, 12:28
% Dimension:          3
% Nodes:              305
% Expressions:        2
% Description:        Electric field, y-component, Electric field norm
% Length unit:        m
% X                       Y                        Z                        ewfd.Ey (V/m) @ lambda=1E-11                      ewfd.normE (V/m) @ lambda=1E-11
-3.3087224502121107E-24   3.11640147700064E-7      -1.1976618988071797E-8   -157048.00509733625-107876.2260795817i            8054336.734703811
8.271806125530277E-25     3.251713317899763E-7     -4.5402139950156244E-8   -326516.3177644559-321048.5230840233i             8586879.963750238
3.3087224502121107E-24    3.341587528859366E-7     2.3248404524220318E-23   -19135.31127340317-35800.828616734325i            8268113.039860171
3.3087224502121107E-24    2.1377803373446657E-7    -8.98969548131277E-8     148841.1597506477-672317.7443116852i              5743855.478919521
3.3087224502121107E-24    2.873933361043472E-7     -1.114077343861201E-7    -325397.06046691834-649387.3385266038i            7578740.831254675
0                         3.182396563385692E-7     -6.343381124083152E-8    -416724.8201844047-434031.64640166116i            8256685.81810063
-1.6543612251060553E-24   1.99411942363288E-7      -1.1418858509067949E-7   453849.6571670226-955796.5720554389i              5335995.670848516
0                         2.1845653395423077E-7    -1.6518554386307116E-7   497530.15855187445-1247315.5891339793i            6259531.9981182115
3.3087224502121107E-24    2.4663417250518805E-7    -1.4426116112124456E-7   469704.24491936446-1039803.4275571296i            6547779.135084176
-1.0339757656912846E-25   1.1513907745767914E-7    -2.0461885748524736E-7   2675047.4150283937-2374177.990614256i             4932485.50380863
4.1359030627651384E-25    2.5720174943636357E-7    5.1192065844283316E-8    181825.73868737035+400529.3311556778i             6267991.028045263
0                         2.538559103127853E-7     5.584570174921412E-8     161561.03729522438+447300.8758452447i             6115710.606780395
0                         3.24970696555981E-7      5.0869258428683064E-8    361107.5384603685+301659.74259853567i             8611470.458571244
0                         3.258812924319995E-7     4.569473248067654E-8     338427.7980712397+268966.66468155646i             8608444.464865485
-3.3087224502121107E-24   2.951442792554136E-7     1.024258598957873E-7     476932.42396012996+552089.8597108192i             7727263.539366882
0                         3.221038368927431E-7     5.584714369209338E-8     319347.63593276613+320083.84423650417i            8412625.97285839
0                         2.5315329523993733E-7    6.001853845885086E-8     -42246.338675067476+362112.0237766431i            6349984.218090294
0                         2.5085145295922413E-7    5.462592438847495E-8     12684.312284066697+393186.0589704593i             6158935.914223475
-1.6543612251060553E-24   1.8936295177487544E-7    -5.345153217925148E-8    130981.94755192364-366294.39098718244i            4569224.528601351
0                         3.0382501758412077E-7    -4.485991782714857E-8    -383483.78169127885-338456.3380226307i            7564430.399483418
0                         3.232695709983424E-7     -5.53045889386516E-8     -429288.20461146755-416806.9746558532i            8557426.101199243
3.3087224502121107E-24    2.3887937212247125E-7    -7.0981566033776E-9      -166724.44434060753-87624.09574709425i            4982880.366847543
0                         2.1590675670731769E-7    1.6443578411235084E-7    -497940.372814194+1374391.2604869686i             6406667.899613656
8.271806125530277E-25     2.0626333866638028E-7    1.6851892779815737E-7    -670129.0234151804+1610572.8701799423i            6196222.338906521
8.271806125530277E-25     2.478102917674804E-7     5.7999085052770066E-8    -14192.125839725206+254762.30170438718i           6258837.153583127
8.271806125530277E-25     2.0848700466590606E-7    1.7050596155886884E-7    -615438.5943773057+1690661.2503029562i            6530484.076158165
3.3087224502121107E-24    1.8845011221180134E-7    -7.933319908910908E-8    213835.7940196913-660483.4284025655i              4476119.254382946
-1.0587911840678754E-22   0                        -2.184438086758795E-7    4211788.0675278-2760020.0766293867i               5061465.526865639
6.6174449004242214E-24    7.412316040165247E-8     -9.059081845819273E-8    494866.091812638-778411.1653584933i               2973866.73067209
0                         1.1222187758084808E-7    -2.0359382100811807E-7   3015706.5804500007-2327538.059480376i             5003895.016088507
-1.6543612251060553E-24   1.6148098076991665E-7    -8.194116355486126E-8    427174.0273054349-746185.4447669634i              3534292.029187716
0                         1.1244237034527167E-7    -2.0569679271964817E-7   3117968.5311813084-2448150.660550124i             5177157.937948372
0                         1.114934002831982E-7     -2.0583860403134034E-7   3367843.2869344195-2455658.715896604i             5424183.017905347
0                         2.0046547469079038E-7    1.684949217441033E-7     -823026.6182983208+1547206.0684950973i            5761268.765918093
-3.3087224502121107E-24   1.1811756029585402E-7    1.0937180041687409E-7    -779644.0538944238+1027201.7398865233i            3040776.245056989
0                         9.892122696120922E-8     2.0811770775040243E-7    -3339551.6523574763+2456382.8142314013i           5076167.011850731
-1.0587911840678754E-22   0                        2.1844380867587958E-7    -4173374.232485471+2632784.563054376i             4960250.750758129
8.271806125530277E-25     2.040893509695161E-7     1.7271580831706605E-7    -758173.4255406264+1713424.7168961542i            6394579.865671576
0                         9.901265081548767E-8     2.086243933096728E-7     -3392635.4846125036+2489814.91810588i             5134516.544620806
-1.0339757656912846E-25   9.844532377288113E-8     2.0870917300429743E-7    -3457682.354105465+2536152.4765755637i            5243470.371225892
0                         4.3156852068532967E-7    -9.441573109727262E-8    -117175.1131835281-973041.510879383i              6970381.815732062
3.3087224502121107E-24    4.0481067694876277E-7    -7.106334885445178E-8    472266.8793104955-638988.961382863i               5849654.259678439
0                         4.0481067694876277E-7    -1.2247503680099905E-7   -542460.7925416717-1331524.8301110973i            6314843.999809173
3.3087224502121107E-24    4.2236659387354457E-7    -3.3156600261566373E-7   -2150194.4964374043-4376240.296966029i            8119439.633124368
-3.3087224502121107E-24   4.0481067694876277E-7    -3.1657404149144293E-7   -2282041.865126155-4426070.481430653i             6986397.324405208
-3.3087224502121107E-24   4.048106769487627E-7     -3.4115748411427057E-7   -2658099.061927077-4698876.964296848i             7924408.394047305
0                         4.502508420350996E-7     -2.9324605695653366E-7   -2068023.9852781736-3781642.0995323644i           8236074.493153088
0                         4.561468564307357E-7     -2.3347254581814542E-7   -1893279.2689149138-2989521.4982460993i           8718550.001093598
-3.3087224502121107E-24   4.0481067694876277E-7    -2.218305523870462E-7    -1389992.489443497-3101006.291000308i             7389464.243816721
0                         4.0481067694876277E-7    -2.491234228295679E-7    -1813147.3054602642-3497812.525974287i            7348652.43483209
0                         4.0481067694876277E-7    -1.847936517365227E-7    -293426.64386255835-2403888.2400152287i           5771898.425203696
0                         4.997136481438985E-7     -5.4578163674120465E-8   -485176.52993818175-619533.4363414712i            5049077.445011282
3.3087224502121107E-24    4.489461804632103E-7     -5.6775778379933294E-8   -464455.7855927483-597503.3423071938i             4694377.311678695
3.3087224502121107E-24    4.4989759452706147E-7    -1.6556817874517087E-8   -44259.332074504455-210201.9390375006i            5057618.131541319
3.3087224502121107E-24    5.064721380278715E-7     -9.25383604059818E-8     -1119690.2256503834-1019813.0391752782i           6284350.223120662
-3.3087224502121107E-24   4.814698782554942E-7     -7.107843754157303E-8    -995009.033477085-842274.8081797266i              5206151.614940448
0                         4.0481067694876277E-7    2.3721473678056144E-8    -84291.59420262078+164926.52111011706i            6389672.456192299
-3.3087224502121107E-24   4.0481067694876277E-7    -2.908572125757574E-8    183006.37276093487-90309.44162454334i             6409030.078820059
0                         4.375981764020514E-7     -1.443441900957181E-7    -1378616.0456772817-1784290.1524382296i           5850959.1716695875
-3.3087224502121107E-24   4.993313195216967E-7     -2.159181114847459E-7    -3072896.266791993-2643355.8818406994i            9194232.447931407
0                         5.165759812286529E-7     -1.5276612097377223E-7   -1705831.0914879825-1785324.2572277251i           8063406.071627158
0                         4.777461392223046E-7     -1.1661254719235383E-7   -983907.2572386403-1415945.761551344i             6117287.337533004
1.6543612251060553E-24    6.117018165168023E-7     -2.3743763663215706E-7   -3882684.553652318-2192384.476436889i             1.160760401214508E7
-1.6543612251060553E-24   4.569758984411236E-7     -3.472823263841108E-7    -2579371.34064641-4197583.286731207i              9695855.568345102
-1.6543612251060553E-24   4.0481067694876277E-7    -3.9919901680121826E-7   -2216744.839829065-4945210.20470421i              7104631.602733853
3.3087224502121107E-24    5.081525458428524E-7     -3.9970774983858666E-7   -3686175.7991777505-3977270.536857736i            1.2011794525368134E7
3.3087224502121107E-24    4.962314594314798E-7     -4.457236684465527E-7    -3716027.6051555993-4157938.944800192i            1.2179314867421335E7
3.3087224502121107E-24    4.2957613825231527E-7    -4.457236684465527E-7    -3039939.7594038793-4941012.293424949i            8807142.315848725
3.3087224502121107E-24    4.0481067694876277E-7    -4.457236684465527E-7    -1703543.386461752-5225261.164365878i             7986529.320113398
3.3087224502121107E-24    7.584990733679616E-7     -3.525345509788203E-7    -5285797.604540149-1463222.8993321245i            1.4844170163723418E7
1.6543612251060553E-24    6.455923658273635E-7     -2.9779599197226205E-7   -4665223.919339519-2211456.5945615266i            1.2856725161917824E7
-1.3234889800848443E-23   6.594171668704031E-7     -4.457236684465528E-7    -5654573.64383945-2448180.195710776i              1.5823223899566904E7
0                         7.115433440389336E-7     -4.4572366844655277E-7   -5831450.430180959-1903482.2837251043i            1.6133518437148478E7
0                         6.13672952558064E-7      -4.457236684465528E-7    -5781745.03669224-3101142.0285026142i             1.5680157697999842E7
0                         5.835703006909465E-7     -3.9683597509188217E-7   -5254595.385234418-3298197.0471501066i            1.4296977239184553E7
1.6543612251060553E-24    5.073206154392238E-7     1.6639490242751647E-8    424677.7953266329+181697.3409161546i              4793557.256993411
0                         4.872041077290517E-7     5.2308274107395806E-8    681269.4007697556+546985.0924947507i              5586542.373206936
0                         4.0481067694876277E-7    1.360940974810027E-7     488551.9117607187+1520954.8987869155i             5912021.413718383
0                         4.0481067694876277E-7    5.720766611629198E-8     -242158.2851621076+514783.4934786157i             5971467.792991581
0                         4.862892861970411E-7     7.59710070016916E-8      609713.5216499611+821252.3739975244i              5748931.278808953
6.6174449004242214E-24    1.7939660431371156E-7    5.0528916286388705E-9    -104629.97492850055+35973.31767604932i            4788634.238938003
0                         2.459427215263416E-7     5.2736472453813216E-8    110163.09811251829+345675.6736586965i             6155128.521935784
3.3087224502121107E-24    1.5707454531081041E-7    6.25005572267353E-8      -163356.99037889973+525264.9604082817i            4140814.502577121
6.6174449004242214E-24    2.1433983851951722E-7    7.1700210684364934E-9    -126014.55715695753-21157.869429638813i           5494471.763669485
0                         2.49260976348461E-7      5.607337329607634E-8     -200566.15543030266+246412.71428811966i           6427443.175087779
-1.3234889800848443E-23   6.246188711819906E-7     3.9309164022119866E-8    710349.1290286271+382684.0739114826i              4101492.4905430996
0                         5.960440285226311E-7     2.988217108289382E-8     292547.5640313319+287633.0204432993i              3514614.675614749
-1.6543612251060553E-24   5.631430720862984E-7     6.27649824210615E-8      1013289.3342722825+700827.9342299635i             4083216.16787817
-1.6543612251060553E-24   6.691471139469493E-7     -6.92448852235418E-8     -1460696.82647098-546676.2963919262i              5791150.640807032
-1.6543612251060553E-24   4.4978337932055604E-7    1.5899387636454964E-7    1322694.2227778877+1962667.0875044442i            5720876.997131575
0                         5.281021162220563E-7     1.0122790767266414E-7    1318346.3912611334+1180689.025820264i             5340425.584835368
0                         5.408635932871615E-7     1.6874223547965604E-7    2710711.461215356+1907197.9076193136i             8593260.731163051
0                         5.191967007498003E-7     7.363267056516884E-8     983827.9959264074+852178.9416689959i              4674130.8008962665
0                         1.2144320308462883E-6    -4.4572366844655277E-7   -1771447.2736072973+3747994.888211906i            1.3058202420226239E7
0                         9.711902279227485E-7     -1.706099099539873E-7    -2629052.7749861777+664442.8560708731i            8572553.069645043
5.790264287871194E-24     9.829586933867662E-7     -1.6127963750351202E-7   -2648283.106740233+623735.8433814421i             8128541.6794132665
1.3234889800848443E-23    1.214432030846288E-6     -1.0860767275448962E-7   -369400.7392709082+1600747.2376459127i            6776266.24497892
1.3234889800848443E-23    9.682376450528536E-7     -1.6514818570509336E-7   -2540154.8390395464+699622.6916588579i            8395252.761000553
1.406207041340147E-23     9.726521862409165E-7     -1.6285283285125584E-7   -2618660.3883803403+618063.0150742605i            8220766.782981207
1.6543612251060553E-24    9.626704923717386E-7     -1.6119038765285642E-7   -2706165.4603300625+533320.1831367546i            8161763.251899385
1.6543612251060553E-24    9.754909361905512E-7     -1.5889962744497584E-7   -2591417.955736851+580844.1239745426i             8015910.604501832
8.271806125530277E-25     9.387796828040267E-7     -1.92233150566557E-7     -3215705.216512469+356016.2870559502i             9484969.567959398
6.6174449004242214E-24    8.550869066977325E-7     -3.054656588009247E-8    -652699.6626898918+11581.30080350614i             3925447.0121389916
-6.6174449004242214E-24   7.891679577345008E-7     -7.479479087737868E-8    -1769461.4596335453-272095.10309191194i           5425723.971656985
1.3234889800848443E-23    7.97048117412347E-7      -6.302097202391355E-9    -10999.834478464594-62068.712377242206i           3996056.2244959087
6.6174449004242214E-24    7.520580860383995E-7     -1.3288742342409566E-8   -235428.60903331422-32803.553986303465i           3322822.616996766
0                         7.054127686436632E-7     -1.0157113773708578E-7   -2041283.6708775952-744084.6749769812i            5990430.76833299
3.3087224502121107E-24    5.052561387145081E-7     -2.446466948904555E-7    -3529678.4324926203-2944342.605466095i            1.001142421567453E7
0                         6.247238596707543E-7     -2.5434599037638164E-7   -4150682.2288324577-2301272.7517962544i           1.2252083617361492E7
0                         5.214366592560964E-7     -3.381466525268136E-7    -4258023.078573251-3542334.035711825i             1.2422767202520737E7
-1.6543612251060553E-24   6.30222716919134E-7      -2.3418625134157275E-7   -4128135.2012852966-2052803.5160755839i           1.1652470935055593E7
6.6174449004242214E-24    5.576046715284379E-7     -1.2432629581684775E-7   -2299180.649236835-1332873.3794497084i            7486548.702961254
0                         5.49458049142369E-7      -5.2424835329014184E-8   -634294.6678450489-555921.7068985116i             4540211.730282059
-1.6543612251060553E-24   6.772966468641454E-7     -1.1254496970161925E-7   -2194995.1573686046-927451.3921886248i            6690985.535658308
0                         7.589645985661259E-7     -1.6652353284211032E-7   -3122867.5642988863-733790.5058709166i            9355378.419473834
0                         7.894428415806573E-7     -2.946914164752046E-7    -5139288.247662865-977269.8639807474i             1.3634142743734742E7
-1.6543612251060553E-24   6.480993456055181E-7     -2.4946320709047333E-7   -4427436.267179978-2061837.9403774876i            1.2290248453373654E7
1.6543612251060553E-24    6.929039943739884E-7     -1.2131650012357304E-7   -2375302.9414973436-906980.8176382945i            6833188.40449888
1.6543612251060553E-24    6.387782450892036E-7     -2.640761444177972E-7    -4497967.180320104-2229246.984184136i             1.2504651451805407E7
0                         7.742683920110035E-7     -3.156157027512449E-7    -5173785.243671374-1221397.6209856668i            1.4316934174150325E7
-3.3087224502121107E-24   5.495370825295924E-7     -3.5901745045618887E-7   -4677376.817193037-3458709.9012058885i            1.3199698406312175E7
0                         8.518735131742949E-7     -4.457236684465528E-7    -5802941.093326412-215576.85988707037i            1.5253700619674973E7
0                         8.064277864561567E-7     -3.349980882823954E-7    -5557020.501196906-902847.855835983i              1.4507643084682787E7
-3.3087224502121107E-24   4.3658923736319153E-7    2.472402499771893E-7     1648323.4123106527+3299383.6224590694i            7796164.261797052
0                         4.0481067694876277E-7    2.5753493727551003E-7    2307278.0677917507+3675589.8998152767i            7117755.464429087
0                         4.0481067694876277E-7    2.0714308067700738E-7    1087475.0746593808+2810051.6777436906i            5650480.904715127
-2.6469779601696886E-23   7.245654816930181E-7     6.376431187878918E-8     1274450.8075403515+423763.68807231507i            5227268.192257971
0                         6.930442476933175E-7     5.100816087261462E-8     933272.7940729056+374104.59229574015i             4535954.934248641
1.6543612251060553E-24    6.926043182087825E-7     -8.272410280721334E-8    -1655791.0950251091-660238.1051846107i            6162520.115854308
0                         4.048106769487628E-7     2.79063042588469E-7      1718973.2157120814+3934923.4290213166i            7499892.063716052
3.3087224502121107E-24    4.0481067694876277E-7    3.379968755225224E-7     1876544.861413377+4614489.528753491i              7530491.66246827
0                         4.7333691249732846E-7    3.3810438509062026E-7    3434599.296335622+4086915.881962349i              9934185.859004634
0                         4.7278923339143395E-7    3.314883455331893E-7     3152003.748440105+4014496.9993909034i             9553719.089134624
-3.3087224502121107E-24   4.0481067694876277E-7    3.6038578813905066E-7    2064175.7486369913+4806803.007098978i             7894648.999512851
0                         4.0481067694876277E-7    4.099925578214459E-7     1846049.2329815133+4987924.039480437i             7005700.322188031
0                         6.509859582013704E-7     1.3255461462843295E-7    2549146.060805096+1123818.474864931i              7463183.405743013
0                         6.705836698145423E-7     1.485399450120071E-7     2912137.4194859327+1225754.0321604914i            8177247.830019214
0                         6.578698432351904E-7     1.5991641382153506E-7    3034249.917658014+1349476.4672613407i             8633272.714556072
0                         6.410384686553871E-7     1.6274714920797545E-7    2973627.6164039806+1446839.934815279i             8757887.917055894
0                         4.788499947104467E-7     3.425026801200342E-7     3313108.4970094827+4072457.145517629i             9901615.118093552
1.6543612251060553E-24    4.2957613825231527E-7    4.457236684465527E-7     2928785.15061978+4933554.298977903i               8663597.544920176
0                         4.962314594314798E-7     4.457236684465528E-7     3716027.605155603+4157938.9448001785i             1.2176042003283028E7
-6.6174449004242214E-24   5.643604176755028E-7     2.482016625425285E-7     3991306.901881067+2498792.254802242i              1.116863427322925E7
0                         6.526453161246262E-7     1.8190332702945102E-7    3180641.347880596+1534374.8183078056i             9358274.279386438
6.6174449004242214E-24    6.41117934249498E-7      2.923429392833327E-7     4484330.14570426+2269683.069503314i               1.340315780701827E7
-6.6174449004242214E-24   5.761765813329171E-7     2.9910786931305563E-7    4720032.946780261+2741305.3604153413i             1.314444227767985E7
0                         4.820829262188099E-7     3.355042066868296E-7     3190775.8600810543+4030510.0370323155i            1.019128736627948E7
0                         4.211107416564642E-7     1.7500732835666212E-7    1040457.0391279843+2175171.5660544885i            5661755.177375552
3.3087224502121107E-24    4.0481067694876277E-7    1.622613169736564E-7     399808.4351204911+1954631.673159391i              5652422.169800384
0                         5.122042016630905E-7     2.1271907331504992E-7    2520400.633225664+2495582.8813437754i             1.0197951445837483E7
0                         4.786782271399676E-7     3.345049319927811E-7     3034449.8705010884+4023876.0403781245i            9723844.900249604
6.6174449004242214E-24    9.170441589635832E-7     1.3913097951325565E-7    2315369.3139715856-1307.9079107911355i            8508497.304239277
1.6543612251060553E-23    8.840109665589397E-7     1.555873715367559E-7     2760942.6763791754+8480.87440782026i              8567580.63255806
0                         7.191376553515902E-7     1.6671927879709242E-7    3193244.3964103623+1063217.9992437728i            8875470.944592297
-6.6174449004242214E-24   8.582082660181202E-7     2.0329463399612063E-7    3807878.2730217143+223584.1868920537i             1.043596506173901E7
1.9852334701272664E-23    9.168045775200016E-7     1.838839511341664E-7     3236112.0148098064-311681.0426975282i             9286331.017606428
-1.3234889800848443E-23   8.947124546920311E-7     2.1609288361610416E-7    3654732.5377192833-86772.10195114742i             1.0171967958857577E7
5.293955920339377E-23     1.2144320308462883E-6    1.3163477256883595E-7    758623.306102769-1647682.2691315648i              7281036.350962125
0                         1.2144320308462883E-6    4.4572366844655277E-7    1703070.6511012858-3753465.9097536984i            1.2998989260762801E7
-6.6174449004242214E-24   1.2047294125653607E-7    -5.4177059992643494E-8   588768.2319187134-697159.5507434346i              2910681.7195246136
0                         2.429292671279745E-7     5.948826477865517E-8     154787.54117676552+388571.54703798966i            6066942.576798165
6.6174449004242214E-24    0                        4.436886207510373E-8     197104.36153130326+184093.3502225943i             327937.5692671979
6.6174449004242214E-24    5.812045785468935E-8     -2.552427027151395E-9    -3035.6021796604955-4695.488864935285i            292178.60296284436
6.6174449004242214E-24    0                        -4.436886207510373E-8    -104625.00031354472-149107.54595691306i           208069.77523742046
0                         7.655579962140228E-8     6.542684884060526E-8     -141666.44257888952+583128.2185872183i            1468844.8563020076
0                         6.866435007000858E-7     -1.0938876761640242E-7   -2226594.889811271-867277.1900513027i             6588347.166574212
0                         4.771927731982387E-7     3.36489827235441E-7      3276131.2060683+4058684.170789218i                9607571.3949883
3.3087224502121107E-24    4.0481067694876277E-7    4.457236684465527E-7     1703543.386461762+5225261.164365875i              7985746.71762114
0                         6.651249287303628E-7     1.6790702109120413E-7    3159574.5087170256+1368388.3204736237i            8952664.963327827
4.1359030627651384E-25    4.867723564772883E-7     3.418091714985628E-7     3544192.3473237543+4031707.498545288i             1.0544630407552535E7
-6.6174449004242214E-24   6.136729525580642E-7     4.457236684465528E-7     5684520.037864037+3051449.9592434913i             1.5567723808153423E7
0                         6.881616988740355E-7     3.978295959370143E-7     5407486.710030205+2185209.4916529767i             1.5350181734058388E7
6.6174449004242214E-24    6.594171668704033E-7     4.457236684465528E-7     5661503.5272101415+2501026.1851767963i            1.5827108653519444E7
6.6174449004242214E-24    6.400077995513397E-7     4.145395176181685E-7     5418807.145222066+2610649.818631162i              1.5418332732325926E7
6.6174449004242214E-24    7.115433440389337E-7     4.457236684465528E-7     5831450.430180966+1903482.2837250917i             1.6136082377899654E7
0                         6.653123572430028E-7     1.7967980069664388E-7    3312828.302915726+1405794.397453677i              9270378.695729213
6.6174449004242214E-24    7.079823640439226E-7     3.146782694854729E-7     5208666.759029059+1716915.3523734878i             1.431940681018793E7
0                         8.518735131742948E-7     4.457236684465527E-7     5705536.227170531+322232.32147650846i             1.524517920987167E7
0                         7.868661569218205E-7     3.7218715107475933E-7    5444757.200724853+1031998.061404403i              1.4813981150550112E7
-3.3087224502121107E-24   3.713163589710846E-7     2.28719275193699E-8      -71129.17694154242+5433.918269133826i             7240933.535490392
0                         3.258812924319995E-7     4.569473248067654E-8     -1553979.2797205206-632266.1038816385i            8003469.393073019
3.3087224502121107E-24    3.341587528859366E-7     2.3248404524220318E-23   -151508.08644495395-52310.51649137028i            8203842.164092754
0                         3.67742134455443E-7      -2.622766939059858E-9    62672.08285903034+20639.933015916948i             7167256.879410462
-3.3087224502121107E-24   4.0481067694876277E-7    -2.908572125757574E-8    -66419.55593212838-45184.421652229335i            6312062.728762233
1.6543612251060553E-24    3.349284580711162E-7     -4.838043261769996E-8    1646892.8549897256+705163.6936446624i             7718620.556660593
8.271806125530277E-25     3.251713317899763E-7     -4.5402139950156244E-8   1702822.4243646832+747604.8708047499i             8034958.878358115
0                         3.2584904163317056E-7    5.4761703028297576E-8    -1959274.492618972-799945.897472214i              7752716.384853634
0                         3.24970696555981E-7      5.0869258428683064E-8    -1946284.8485014495-809003.0099039847i            7960440.82788716
0                         3.221038368927431E-7     5.584714369209338E-8     -2044587.3044079186-832033.4823129893i            7615633.48432671
0                         3.905486564586962E-7     1.5070927513429238E-7    215403.06149262708+421252.3224840153i             5414637.264014394
-1.6543612251060553E-24   3.695278543888481E-7     1.425007216743512E-7     -513251.33113622456+132559.85366287935i           5401570.580322156
-3.3087224502121107E-24   2.951442792554136E-7     1.024258598957873E-7     -2074298.678778868-804221.655615532i              5743272.546265971
0                         4.0481067694876277E-7    5.720766611629198E-8     -154962.0433543504+55987.47784009306i             5814630.211449365
-8.271806125530277E-25    3.3156828818064024E-7    5.3161048325825355E-8    -1671679.2546363515-669825.1554153474i            7606249.211480794
-3.3087224502121107E-24   3.538787295229262E-7     -1.2398315886083805E-7   1126734.1428289185+241289.21606051526i            5499287.9879799485
0                         4.0481067694876277E-7    -1.2247503680099905E-7   -286107.1092911737-337431.8377125592i             5508367.437648463
8.271806125530277E-25     3.3638825816599775E-7    -6.395905135374167E-8    1638260.9628891405+627274.4765486978i             7304106.093442462
0                         3.182396563385692E-7     -6.343381124083152E-8    2151617.4822306223+841366.5557310488i             7239502.343940509
3.3087224502121107E-24    2.873933361043472E-7     -1.114077343861201E-7    2121578.140034322+772469.7675928362i              5604632.764192569
-3.3087224502121107E-24   3.015852552501473E-7     -1.6685527697298306E-7   1714673.002354053+85741.28309083328i              5225280.622337344
0                         3.232695709983424E-7     -5.53045889386516E-8     2170719.201187054+907640.3595939634i              7822293.639209893
-3.3087224502121107E-24   2.623301555560212E-7     -1.838422404158222E-7    2162130.835581702-210398.1930093693i              3938787.7784873797
0                         2.1845653395423077E-7    -1.6518554386307116E-7   2187576.050338205-84237.68269755367i              3774655.259286489
3.3087224502121107E-24    2.4663417250518805E-7    -1.4426116112124456E-7   2363621.4460691726+274400.1558658611i             4050645.082916409
-3.3087224502121107E-24   3.0650930569558767E-7    -2.1794848318051102E-7   1499013.209186643-536356.9731330674i              4503461.549253658
3.3087224502121107E-24    2.470772530883222E-7     -2.3543370847644549E-7   3400450.3451638-720598.5178533499i                5256038.202825016
0                         2.2069103669620642E-7    -2.2885546097923546E-7   3728410.1621510843-704779.7806376448i             5325259.410121036
8.271806125530277E-25     1.9445774481720757E-7    -2.8327782105937676E-7   5210861.487918058-1270437.2675486177i             6582353.784670091
0                         1.183621861921214E-7     -2.078816710009919E-7    3363356.7920227963-1785719.9303540632i            4179379.6977529954
-1.0339757656912846E-25   1.1513907745767914E-7    -2.0461885748524736E-7   3168615.1741252574-1866119.7382084779i            3984524.458149503
0                         3.0257191062034473E-7    1.576897610256885E-7     -2150276.7776717586-231981.176428623i             5687983.32048108
0                         2.1731686092286983E-7    1.7520511471491508E-7    -2696761.8854605923+120443.05872775718i           3846132.0263495804
-3.3087224502121107E-24   3.111376090332974E-7     2.2109966464668137E-7    -1627849.0044251836+417505.37038884865i           5952719.972080521
0                         2.1590675670731769E-7    1.6443578411235084E-7    -2681286.1805831306-168344.9777819891i            3704275.193006089
-1.6543612251060553E-24   3.7398138207890795E-7    1.7497596113962513E-7    -640467.2455807936+270639.6645081483i             5293396.569843025
8.271806125530277E-25     2.0848700466590606E-7    1.7050596155886884E-7    -2676628.315753953+87482.43174602093i             3351433.128587665
0                         1.610450647624651E-7     -3.1113300659520074E-7   6373269.342897763-1593420.812955365i              7511858.118461883
0                         1.1244237034527167E-7    -2.0569679271964817E-7   3486211.0748588936-2017023.492426368i             4338325.016206827
0                         1.5542147801101528E-7    -3.257577205699684E-7    7075166.388626079-1689458.6051333537i             8050138.647569426
0                         1.1210284432675364E-7    -2.0657976494489885E-7   3644360.618361417-2085097.1052833423i             4570156.276311341
0                         0                        -3.3208373856121613E-7   9596155.658285992-2507544.172982198i              9931133.871226788
-1.0587911840678754E-22   0                        -2.184438086758795E-7    4451769.006385573-2781216.7901286944i             5271953.632200316
0                         1.114934002831982E-7     -2.0583860403134034E-7   3737124.766519229-2018638.1471973779i             4597481.012956728
-8.271806125530277E-25    2.043848287327706E-7     3.01824057255159E-7      -5925228.3852522485+1377159.6828106116i           7258873.93007397
0                         9.901265081548767E-8     2.086243933096728E-7     -3728476.9541950445+2195830.7504249755i           4480783.958926256
8.271806125530277E-25     2.040893509695161E-7     1.7271580831706605E-7    -2723013.941108452+107811.72149620282i            3683911.5848633875
8.271806125530277E-25     2.0806462318456905E-7    1.7420550492035314E-7    -2929340.426201943+79495.06260955674i             3756442.746445482
-8.271806125530277E-25    2.0890160161240936E-7    3.0351667623886993E-7    -5530051.73881763+1380436.5858507224i             7066668.893073318
-8.271806125530277E-25    2.0375301438726548E-7    3.067090812444527E-7     -5994241.4437714955+1338359.9427211923i           7270291.850515672
-1.0339757656912846E-25   9.89591295183069E-8      2.0903820604204621E-7    -3984275.3743706685+2070691.0053083666i           4687016.369368246
-1.0339757656912846E-25   9.844532377288113E-8     2.0870917300429743E-7    -3883337.067368224+2067819.9251298916i            4622752.337085557
-1.0587911840678754E-22   0                        2.1844380867587958E-7    -4482298.489979846+2673294.8418646883i            5223520.870565163
0                         9.688521219864761E-8     3.184452727390873E-7     -8795753.850752264+1892305.6872734067i            9312563.708376812
0                         9.940305354074083E-8     3.2005765833954787E-7    -8790542.093889544+1856731.6040492863i            9314678.134264683
1.6543612251060553E-24    2.975031488633426E-7     -2.9339614738355517E-7   2834841.907818592-924411.2084978819i              5534038.78449223
6.6174449004242214E-24    2.917936601563077E-7     -3.1736775741026994E-7   2946434.936276279-1087037.1934255706i             5849874.61772275
0                         3.1858335174886756E-7    -3.122210637167122E-7    2388116.3114397163-1010264.0711772644i            5733447.454569277
3.3087224502121107E-24    3.005644256617372E-7     -3.2556268764508506E-7   2844176.482958594-1145101.0069718354i             5821729.365711722
4.963083675318166E-24     2.889914814077966E-7     -3.3208997454653474E-7   3031525.004714766-1153400.7863513874i             5916987.831336213
1.6543612251060553E-24    3.005211138875588E-7     -4.339063223617766E-7    3157180.4644173332-1243745.5470285984i            5704387.165047179
1.6543612251060553E-24    3.040417081880036E-7     -4.457236684465528E-7    2968545.7817416377-1318321.8786992163i            5716665.623460999
3.3087224502121107E-24    3.1575663290721403E-7    -4.457236684465528E-7    2813030.178149289-1306173.8261492762i             5682968.346303198
1.6543612251060553E-24    3.1493360207967284E-7    -4.239959674058959E-7    2858371.9527588254-1209232.7344566036i            5385254.966435663
1.6543612251060553E-24    3.555500665578169E-7     -4.4572366844655277E-7   1446725.7729936827-1141328.2901748114i            4925333.27071848
0                         2.1400389587682244E-7    -4.457236684465527E-7    6625000.5430850275-1489669.4713142584i            8159763.5231992705
0                         2.1611376013759174E-7    -4.1265784208138033E-7   6285849.442671069-1470049.4970668321i             7884508.735681564
3.3087224502121107E-24    4.0481067694876277E-7    -7.106334885445178E-8    81107.96214117252-124149.59957402304i             5644253.1612966545
0                         4.0481067694876277E-7    2.3721473678056144E-8    17746.0358618008+29464.509498694548i              6383347.793986238
6.6174449004242214E-24    3.8331229340881396E-7    -3.394459883762836E-7    218072.2784748321-928314.6471523918i              4623841.708245141
-1.6543612251060553E-24   4.0481067694876277E-7    -3.9919901680121826E-7   -149373.9136871326-828129.2543578363i             3860988.2234453834
-3.3087224502121107E-24   4.048106769487627E-7     -3.4115748411427057E-7   84989.84769448207-807595.9266699627i              4396823.235361713
-3.3087224502121107E-24   4.0481067694876277E-7    -3.1657404149144293E-7   -241047.2229521044-851334.7189710056i             4203174.253860116
0                         3.624841859934109E-7     -2.1742384376173693E-7   568290.5523628982-533335.6367408241i              4907491.257804399
0                         4.0481067694876277E-7    -2.491234228295679E-7    -268251.1497733-578064.8477303341i                4919466.579075317
-3.3087224502121107E-24   4.0481067694876277E-7    -2.218305523870462E-7    19048.252726783918-538119.997318565i              5157831.367017713
0                         4.0481067694876277E-7    -1.847936517365227E-7    -231305.81476517822-643329.4507709347i            4694849.950417108
3.3087224502121107E-24    4.0481067694876277E-7    -4.457236684465527E-7    -663264.6615834723-956565.4670411431i             3861241.4357953803
0                         4.0481067694876277E-7    1.360940974810027E-7     463790.9856819886+448741.9326473388i              5345624.417302141
0                         2.2749097318003724E-7    -2.457370449823213E-7    3589193.884757691-879346.0163350829i              6110676.599363681
-3.3087224502121107E-24   2.3413233341041154E-7    -2.543701145832266E-7    3491835.445184465-982732.9810147169i              5659108.984626055
-8.271806125530277E-25    2.3440395028456402E-7    -3.2236736814764417E-7   4730197.194276817-1274011.8419127394i             6636026.1324626375
0                         1.5993522287077374E-7    -3.380866968469554E-7    7212983.44391148-1620657.695662219i               8188800.364397539
0                         1.6759313036861802E-7    -3.2612549477155674E-7   6856652.684137617-1481348.9504130306i             7978586.876828734
0                         1.8911699668253973E-7    -4.419077192662658E-7    7575168.107379067-1606707.7463473785i             8954751.988699753
0                         1.8667391565649347E-7    -4.457236684465527E-7    7894083.413746744-1629001.9977451612i             9104307.209338393
0                         1.913342646905239E-7     -4.457236684465527E-7    7921592.690907718-1481408.170641528i              9358645.254098983
-1.6543612251060553E-24   1.396310857758312E-7     -3.5782484311461526E-7   7945746.710056545-1883631.0994853482i             8835767.140797589
-3.3087224502121107E-24   7.611575413599851E-8     -4.457236684465527E-7    9625799.145825855-2213749.0724545405i             1.0177120772254819E7
8.271806125530277E-25     1.7748454918846015E-7    -4.457236684465527E-7    7688164.504891681-1684791.627012664i              8897989.910249662
0                         0                        -4.4572366844655277E-7   1.1311752516595535E7-2174945.453099724i           1.1519744848571805E7
3.3087224502121107E-24    3.2009757832018636E-7    3.2677928377364126E-7    -2212338.8498576703+1100574.5263986862i           5697661.695449734
-3.3087224502121107E-24   3.0619600246222623E-7    3.3486896995387694E-7    -2533977.0165685113+1207631.3088154942i           5617746.865188532
-4.963083675318166E-24    3.0383053908689365E-7    3.1660022825710494E-7    -2636748.3963961536+1054255.887346588i            5511980.5897054495
-8.271806125530277E-25    2.192539704550321E-7     2.947657511655832E-7     -4574794.37132422+1278513.427817904i              6465686.933136185
0                         2.3837125222619716E-7    3.146040095279286E-7     -4544894.611261152+1259753.239764642i             6361005.397111579
-3.3087224502121107E-24   2.987758188315725E-7     3.49862275930646E-7      -2680870.460880344+1203224.918670807i             5625706.974783715
3.3087224502121107E-24    4.0481067694876277E-7    1.622613169736564E-7     601167.2387293853+503182.9591871216i              4772968.687038492
6.6174449004242214E-24    3.7922861640659704E-7    2.5872567663945717E-7    -241681.20617224608+697183.9877635064i            4765940.841686308
0                         4.0481067694876277E-7    2.5753493727551003E-7    -181629.2841430437+607723.3622637426i             4783108.307436256
0                         4.0481067694876277E-7    2.0714308067700738E-7    773.877215203635+469315.050531774i                4426831.734017185
0                         4.048106769487628E-7     2.79063042588469E-7      173427.4727995524+660065.5593025298i              4822823.327971972
3.3087224502121107E-24    4.0481067694876277E-7    3.379968755225224E-7     200588.42643395203+830749.6565307375i             4414903.839633921
-3.3087224502121107E-24   3.784650435248287E-7     3.533711258179332E-7     -362155.26750754775+929768.1504614311i            4640457.879646912
-3.3087224502121107E-24   4.0481067694876277E-7    3.6038578813905066E-7    86820.11553472756+785774.3546521257i              4324505.663906058
8.271806125530277E-25     2.1870583030792516E-7    4.1491011538750973E-7    -6211983.27400947+1460344.2238973335i             7889749.049291532
3.3087224502121107E-24    3.3029999519553334E-7    4.308186424710969E-7     -2224716.8956626304+1253481.2805421462i           5387682.0479472
0                         3.157566329072141E-7     4.4572366844655277E-7    -2568101.9266055007+1343327.6743063156i           5470361.869140889
0                         3.555500665578171E-7     4.457236684465527E-7     -1453290.0493799504+1139898.6158239522i           4945610.458512393
0                         2.140038958768217E-7     4.4572366844655277E-7    -6570292.362665307+1495497.4852184623i            8161988.071379962
-1.6543612251060553E-24   3.040417081880036E-7     4.4572366844655277E-7    -3219589.563235766+1229847.9039033465i            5779988.904346314
-6.6174449004242214E-24   3.1346570626984056E-7    4.252272709540098E-7     -2773169.060783523+1265132.1894278391i            5412008.161628405
0                         4.0481067694876277E-7    4.099925578214459E-7     421245.2024179195+873883.8555111605i              3849443.8258872093
-8.271806125530277E-25    2.0391193386512348E-7    3.133088118671505E-7     -6086780.0205365475+1313366.6103983968i           7343438.493004207
0                         1.866739156564935E-7     4.4572366844655277E-7    -7871683.811974313+1639827.112493515i             9085541.614223717
0                         9.946902311506326E-8     3.227972936925604E-7     -8581894.399475839+1947781.852019074i             9133813.789318172
1.0587911840678754E-22    0                        3.320837385612162E-7     -9307452.946185753+2481855.0066906093i            9635301.404268937
0                         9.754913313934993E-8     3.27493234507198E-7      -8629213.601755746+2049494.0354615308i            9180461.56533514
3.3087224502121107E-24    7.611575413599854E-8     4.457236684465528E-7     -9661715.474300556+2206593.5512637007i            1.0209979501242489E7
0                         1.7748454918846047E-7    4.4572366844655277E-7    -7688164.504891662+1684791.6270126817i            8897061.040603839
0                         0                        4.4572366844655277E-7    -1.131175251659553E7+2174945.4530997546i          1.1519744848571805E7
-8.271806125530277E-25    2.101473059029679E-7     3.08022941317334E-7      -5977263.449990526+1229863.7156136853i            7358453.112450426
0                         1.9134251536632702E-7    4.4176598740277313E-7    -7625128.565714896+1547290.055023682i             9056711.003424492
3.3087224502121107E-24    4.0481067694876277E-7    4.457236684465527E-7     663264.6615834698+956565.467041141i               3859596.07206475
0                         1.913342646905238E-7     4.4572366844655277E-7    -7921592.690907717+1481408.170641548i             9329672.75729418
0                         9.688521219864761E-8     3.206212832158238E-7     -8770804.72755187+1941347.6457361765i             9286728.034984903
