% Model:              omc_unitcell_iso.mph
% Version:            COMSOL 6.2.0.658
% Date:               Jul 1 2026, 12:28
% Dimension:          3
% Nodes:              305
% Expressions:        2
% Description:        Electric field, y-component, Electric field norm
% Length unit:        m
% X                       Y                        Z                        ewfd.Ey (V/m) @ lambda=9E-12                      ewfd.normE (V/m) @ lambda=9E-12
-3.3087224502121107E-24   3.11640147700064E-7      -1.1976618988071797E-8   -246188.08165122248-214812.59573392093i           2.253379741661925E7
8.271806125530277E-25     3.251713317899763E-7     -4.5402139950156244E-8   -1023434.475645864-952697.7709230647i             2.4222111597937193E7
3.3087224502121107E-24    3.341587528859366E-7     2.3248404524220318E-23   76472.03607883367+79451.70333434932i              2.4319636238531124E7
3.3087224502121107E-24    2.1377803373446657E-7    -8.98969548131277E-8     -1573740.4142115775-2131813.2255997024i           1.5955316668827197E7
3.3087224502121107E-24    2.873933361043472E-7     -1.114077343861201E-7    -2375777.8391587175-2504293.6992999753i           2.1333682560889207E7
0                         3.182396563385692E-7     -6.343381124083152E-8    -1605576.730823686-1450956.5281726376i            2.3386695196515217E7
-1.6543612251060553E-24   1.99411942363288E-7      -1.1418858509067949E-7   -1870175.7055015909-2728084.9137536795i           1.547117416021049E7
0                         2.1845653395423077E-7    -1.6518554386307116E-7   -2754126.2908393154-4087600.0020772517i           1.7094027721398063E7
3.3087224502121107E-24    2.4663417250518805E-7    -1.4426116112124456E-7   -2570041.3027406847-3375423.2418261487i           1.918446169766728E7
-1.0339757656912846E-25   1.1513907745767914E-7    -2.0461885748524736E-7   -1999080.7919180903-5292013.711912695i            1.0495410941094534E7
4.1359030627651384E-25    2.5720174943636357E-7    5.1192065844283316E-8    1062687.1172967532+1145042.0426671682i            1.919378908803959E7
0                         2.538559103127853E-7     5.584570174921412E-8     1166994.514863185+1295563.0903713002i             1.9049745391664E7
0                         3.24970696555981E-7      5.0869258428683064E-8    1370383.0880824784+1205461.3730116033i            2.3954794749692284E7
0                         3.258812924319995E-7     4.569473248067654E-8     1261474.6487295625+1109347.0633843727i            2.4223401196309455E7
-3.3087224502121107E-24   2.951442792554136E-7     1.024258598957873E-7     2330814.9999347655+2196302.945433827i             2.1764980544326857E7
0                         3.221038368927431E-7     5.584714369209338E-8     1443556.0916739092+1302160.2833790672i            2.373514404975543E7
0                         2.5315329523993733E-7    6.001853845885086E-8     1195461.757733067+1422866.1484805027i             1.9002393741048027E7
0                         2.5085145295922413E-7    5.462592438847495E-8     1056739.7517971701+1224420.727905027i             1.8781652631583326E7
-1.6543612251060553E-24   1.8936295177487544E-7    -5.345153217925148E-8    -772055.5856256619-1286993.6615463973i            1.439862942636982E7
0                         3.0382501758412077E-7    -4.485991782714857E-8    -1112828.9703151986-995911.9103852382i            2.2530185393504728E7
0                         3.232695709983424E-7     -5.53045889386516E-8     -1377383.2876120775-1242781.9996919264i           2.3717789687908087E7
3.3087224502121107E-24    2.3887937212247125E-7    -7.0981566033776E-9      -151928.87114345253-136877.27162638053i           1.7575597796102464E7
0                         2.1590675670731769E-7    1.6443578411235084E-7    2563566.684743861+3776867.410532374i              1.717778541438791E7
8.271806125530277E-25     2.0626333866638028E-7    1.6851892779815737E-7    2520514.0578806656+4002104.2526814155i            1.6567058908039272E7
8.271806125530277E-25     2.478102917674804E-7     5.7999085052770066E-8    1148082.521767003+1378031.284773796i              1.856888212123413E7
8.271806125530277E-25     2.0848700466590606E-7    1.7050596155886884E-7    2704557.6447981726+4162410.901929738i             1.6861280062711507E7
3.3087224502121107E-24    1.8845011221180134E-7    -7.933319908910908E-8    -1235709.0961316484-1890279.2899355602i           1.418364294301887E7
-1.0587911840678754E-22   0                        -2.184438086758795E-7    -1177075.6390267059-5366009.000934828i            5513922.255074973
6.6174449004242214E-24    7.412316040165247E-8     -9.059081845819273E-8    -980202.123831284-1884783.9050535082i             6196873.723315585
0                         1.1222187758084808E-7    -2.0359382100811807E-7   -1818147.0538135844-5419270.462944936i            1.0280580350005751E7
-1.6543612251060553E-24   1.6148098076991665E-7    -8.194116355486126E-8    -1163241.4673674062-1892493.9625083443i           1.2572480581901385E7
0                         1.1244237034527167E-7    -2.0569679271964817E-7   -1854827.649556018-5486029.3087401055i            1.0274060550371338E7
0                         1.114934002831982E-7     -2.0583860403134034E-7   -1760684.3388402-5649660.286950767i               1.0332631792405393E7
0                         2.0046547469079038E-7    1.684949217441033E-7     2486193.560127138+4174572.8138172617i             1.5994974244318005E7
-3.3087224502121107E-24   1.1811756029585402E-7    1.0937180041687409E-7    1324753.271271745+2365683.7107403087i             9279849.8232098
0                         9.892122696120922E-8     2.0811770775040243E-7    1644949.6777338623+5509331.855919916i             9540385.291062398
-1.0587911840678754E-22   0                        2.1844380867587958E-7    1140167.9622423432+5345351.592988049i             5483518.070318383
8.271806125530277E-25     2.040893509695161E-7     1.7271580831706605E-7    2650157.8339327187+4247350.521030942i             1.6299490176034762E7
0                         9.901265081548767E-8     2.086243933096728E-7     1613144.0056610217+5500844.052620296i             9489865.116434038
-1.0339757656912846E-25   9.844532377288113E-8     2.0870917300429743E-7    1608509.8748271822+5562230.117793767i             9535665.544701733
0                         4.3156852068532967E-7    -9.441573109727262E-8    -2481219.7416330744-3512159.8370974585i           1.2104852994859755E7
3.3087224502121107E-24    4.0481067694876277E-7    -7.106334885445178E-8    -1214281.4756012945-2108203.8299261606i           1.501955215891754E7
0                         4.0481067694876277E-7    -1.2247503680099905E-7   -3021853.8604497886-4600371.638799156i            1.2513572028688475E7
3.3087224502121107E-24    4.2236659387354457E-7    -3.3156600261566373E-7   -1.2941599682901902E7-1.863024030754277E7i        2.307203854060369E7
-3.3087224502121107E-24   4.0481067694876277E-7    -3.1657404149144293E-7   -1.2180330277396763E7-1.806811535498475E7i        2.224081665602346E7
-3.3087224502121107E-24   4.048106769487627E-7     -3.4115748411427057E-7   -1.300459825763747E7-1.94293455218331E7i          2.3710535650928427E7
0                         4.502508420350996E-7     -2.9324605695653366E-7   -1.1963583848745245E7-1.62647009596246E7i         2.0906103608355436E7
0                         4.561468564307357E-7     -2.3347254581814542E-7   -9607655.481406713-1.2574066329501359E7i          1.6971210380689688E7
-3.3087224502121107E-24   4.0481067694876277E-7    -2.218305523870462E-7    -8407416.570740325-1.2245353797470633E7i          1.6268456774289053E7
0                         4.0481067694876277E-7    -2.491234228295679E-7    -9551244.97012083-1.3952457828267997E7i           1.7889741154991187E7
0                         4.0481067694876277E-7    -1.847936517365227E-7    -6413695.785929137-9446845.42839823i              1.5096957108858055E7
0                         4.997136481438985E-7     -5.4578163674120465E-8   -2115891.046452823-2460054.3983537396i            1.0246340481791297E7
3.3087224502121107E-24    4.489461804632103E-7     -5.6775778379933294E-8   -1529812.0826515104-1976677.3371689953i           1.3449482567913378E7
3.3087224502121107E-24    4.4989759452706147E-7    -1.6556817874517087E-8   -863533.9706962021-939016.0391964553i             1.3523628096992409E7
3.3087224502121107E-24    5.064721380278715E-7     -9.25383604059818E-8     -3858567.1443360676-4334669.616511101i            1.0957423544519793E7
-3.3087224502121107E-24   4.814698782554942E-7     -7.107843754157303E-8    -2546114.342210603-2989123.858575079i             1.092304331101579E7
0                         4.0481067694876277E-7    2.3721473678056144E-8    248584.64639269948+533905.7517178045i             1.6362076520269426E7
-3.3087224502121107E-24   4.0481067694876277E-7    -2.908572125757574E-8    129789.84388851946-219937.24868347676i            1.6746387847943649E7
0                         4.375981764020514E-7     -1.443441900957181E-7    -4885648.251973641-6423084.201585107i             1.319225404875547E7
-3.3087224502121107E-24   4.993313195216967E-7     -2.159181114847459E-7    -9343203.37002083-1.0985800298322532E7i           1.5822497499603216E7
0                         5.165759812286529E-7     -1.5276612097377223E-7   -6864228.118135043-7688702.447558574i             1.2638348810628096E7
0                         4.777461392223046E-7     -1.1661254719235383E-7   -4598697.821591036-5491736.794722934i             1.260769457369074E7
1.6543612251060553E-24    6.117018165168023E-7     -2.3743763663215706E-7   -1.1214034710934822E7-1.0354141229332859E7i       1.6310571292409364E7
-1.6543612251060553E-24   4.569758984411236E-7     -3.472823263841108E-7    -1.3629203375251146E7-1.8278822087099448E7i       2.321072010262239E7
-1.6543612251060553E-24   4.0481067694876277E-7    -3.9919901680121826E-7   -1.3885946786896227E7-2.088842947776392E7i        2.5267682779419024E7
3.3087224502121107E-24    5.081525458428524E-7     -3.9970774983858666E-7   -1.4738437458223632E7-1.7666916275412474E7i       2.3462087718304023E7
3.3087224502121107E-24    4.962314594314798E-7     -4.457236684465527E-7    -1.5040331964586992E7-1.8362264298612334E7i       2.4151694852974147E7
3.3087224502121107E-24    4.2957613825231527E-7    -4.457236684465527E-7    -1.4570298377929782E7-2.0878034507231858E7i       2.5722879889090728E7
3.3087224502121107E-24    4.0481067694876277E-7    -4.457236684465527E-7    -1.4736057807501517E7-2.1991241542303823E7i       2.6644246869851686E7
3.3087224502121107E-24    7.584990733679616E-7     -3.525345509788203E-7    -1.4734812384784903E7-9451544.246420033i          1.831058103274964E7
1.6543612251060553E-24    6.455923658273635E-7     -2.9779599197226205E-7   -1.301802051347581E7-1.1072711524317887E7i        1.7878764562933564E7
-1.3234889800848443E-23   6.594171668704031E-7     -4.457236684465528E-7    -1.5837448323961254E7-1.3019951176921928E7i       2.1135575082925793E7
0                         7.115433440389336E-7     -4.4572366844655277E-7   -1.592383345354177E7-1.1652170583803967E7i        2.0549546821367513E7
0                         6.13672952558064E-7      -4.457236684465528E-7    -1.5503931436040396E7-1.4422491762989093E7i       2.1891688640525185E7
0                         5.835703006909465E-7     -3.9683597509188217E-7   -1.497418740141702E7-1.5020020670876231E7i        2.1847168234017543E7
1.6543612251060553E-24    5.073206154392238E-7     1.6639490242751647E-8    801831.1873996446+827750.2588967265i              1.063836707348166E7
0                         4.872041077290517E-7     5.2308274107395806E-8    1997359.0482091326+2252133.6940393997i            1.1447575408513334E7
0                         4.0481067694876277E-7    1.360940974810027E-7     3863397.512880322+5764495.062875423i              1.2879184980288602E7
0                         4.0481067694876277E-7    5.720766611629198E-8     780376.6099197397+1412247.7580028323i             1.5641794343152799E7
0                         4.862892861970411E-7     7.59710070016916E-8      2784074.641274278+3293094.550913113i              1.0880831396785954E7
6.6174449004242214E-24    1.7939660431371156E-7    5.0528916286388705E-9    74447.66993900608+107059.51237553534i             1.3007108131210616E7
0                         2.459427215263416E-7     5.2736472453813216E-8    1051101.3974938586+1189622.4691948858i            1.8430389694614463E7
3.3087224502121107E-24    1.5707454531081041E-7    6.25005572267353E-8      693749.6460026496+1329768.9300309587i             1.1828435504329361E7
6.6174449004242214E-24    2.1433983851951722E-7    7.1700210684364934E-9    146606.41648475843+198352.41591082248i            1.555546647535157E7
0                         2.49260976348461E-7      5.607337329607634E-8     984269.9429899682+1221782.6125779194i             1.8750593284408946E7
-1.3234889800848443E-23   6.246188711819906E-7     3.9309164022119866E-8    2028807.4866423733+1798532.8460482818i            6840818.810109739
0                         5.960440285226311E-7     2.988217108289382E-8     1500869.3447924166+1390147.649813202i             7613428.221676603
-1.6543612251060553E-24   5.631430720862984E-7     6.27649824210615E-8      2974200.742160247+3001220.8574139834i             8875608.905205231
-1.6543612251060553E-24   6.691471139469493E-7     -6.92448852235418E-8     -3698868.105524524-2843832.249105049i             8873603.754500119
-1.6543612251060553E-24   4.4978337932055604E-7    1.5899387636454964E-7    5863072.319844916+7626374.740728995i              1.3316449817230243E7
0                         5.281021162220563E-7     1.0122790767266414E-7    4622067.628051759+4950878.798913572i              1.1050406386849595E7
0                         5.408635932871615E-7     1.6874223547965604E-7    7845140.786090595+8259179.651351184i              1.3246040166658338E7
0                         5.191967007498003E-7     7.363267056516884E-8     3182989.538128621+3457031.9360090694i             9951711.271473791
0                         1.2144320308462883E-6    -4.4572366844655277E-7   -8836794.642114585+7841435.21751562i              1.240884662855828E7
0                         9.711902279227485E-7     -1.706099099539873E-7    -7953799.144587022-1087996.1870806362i            1.1729277597822318E7
5.790264287871194E-24     9.829586933867662E-7     -1.6127963750351202E-7   -7644379.908996918-786085.5674340441i             1.1617831362408174E7
1.3234889800848443E-23    1.214432030846288E-6     -1.0860767275448962E-7   -2454443.738732624+3477736.769528143i             1.3608603334811168E7
1.3234889800848443E-23    9.682376450528536E-7     -1.6514818570509336E-7   -7856332.239441901-1175679.7752482868i            1.1549990547619201E7
1.406207041340147E-23     9.726521862409165E-7     -1.6285283285125584E-7   -7870709.716727431-1146811.0723396603i            1.1750733175364826E7
1.6543612251060553E-24    9.626704923717386E-7     -1.6119038765285642E-7   -7834844.59548582-1400753.334120623i              1.15002443576843E7
1.6543612251060553E-24    9.754909361905512E-7     -1.5889962744497584E-7   -7610335.6546554575-1078005.4774903967i           1.1911998301393302E7
8.271806125530277E-25     9.387796828040267E-7     -1.92233150566557E-7     -9082833.57367373-2324850.212673632i              1.2571199590446824E7
6.6174449004242214E-24    8.550869066977325E-7     -3.054656588009247E-8    -1639068.12316208-678772.0047399701i              7541496.489538412
-6.6174449004242214E-24   7.891679577345008E-7     -7.479479087737868E-8    -4033344.0094243553-2315901.367961288i            8453745.396725176
1.3234889800848443E-23    7.97048117412347E-7      -6.302097202391355E-9    -432691.83926945785-393180.42414526106i           6683280.302370792
6.6174449004242214E-24    7.520580860383995E-7     -1.3288742342409566E-8   -772690.4064411239-446751.7379504824i             6583592.964646521
0                         7.054127686436632E-7     -1.0157113773708578E-7   -5485599.746693243-3993733.835979563i             9091121.620281737
3.3087224502121107E-24    5.052561387145081E-7     -2.446466948904555E-7    -1.0657948017433085E7-1.2322338408836383E7i       1.7419383416734345E7
0                         6.247238596707543E-7     -2.5434599037638164E-7   -1.2063846488542616E7-1.09358712516405E7i         1.7147375845812578E7
0                         5.214366592560964E-7     -3.381466525268136E-7    -1.3602903025366556E7-1.5525021724609306E7i       2.1278069777645804E7
-1.6543612251060553E-24   6.30222716919134E-7      -2.3418625134157275E-7   -1.1176930215091635E7-9937827.641874364i          1.6033756525880408E7
6.6174449004242214E-24    5.576046715284379E-7     -1.2432629581684775E-7   -5783529.823591733-5761015.035311198i             1.0778464072781384E7
0                         5.49458049142369E-7      -5.2424835329014184E-8   -2459658.928096244-2452271.140311285i             9318291.01794857
-1.6543612251060553E-24   6.772966468641454E-7     -1.1254496970161925E-7   -6011960.339964158-4777675.750957931i             9529521.242741192
0                         7.589645985661259E-7     -1.6652353284211032E-7   -8739193.223229328-5248199.72285191i              1.171426252581122E7
0                         7.894428415806573E-7     -2.946914164752046E-7    -1.3640343260213774E7-7588491.1180418i            1.6522833518898493E7
-1.6543612251060553E-24   6.480993456055181E-7     -2.4946320709047333E-7   -1.1994368044622928E7-1.0277820690811396E7i       1.6716010417025903E7
1.6543612251060553E-24    6.929039943739884E-7     -1.2131650012357304E-7   -6442638.475819273-4828166.605050542i             9764900.64526501
1.6543612251060553E-24    6.387782450892036E-7     -2.640761444177972E-7    -1.2432491890563365E7-1.0812252494489092E7i       1.730534144252063E7
0                         7.742683920110035E-7     -3.156157027512449E-7    -1.4199490320119647E7-8489447.244924817i          1.738777441485437E7
-3.3087224502121107E-24   5.495370825295924E-7     -3.5901745045618887E-7   -1.4379799050445218E7-1.5516735361666586E7i       2.1827861339441285E7
0                         8.518735131742949E-7     -4.457236684465528E-7    -1.5787232364245161E7-6470631.292478135i          1.773113414716745E7
0                         8.064277864561567E-7     -3.349980882823954E-7    -1.4866150100046406E7-7801415.086610005i          1.751504757214858E7
-3.3087224502121107E-24   4.3658923736319153E-7    2.472402499771893E-7     9987948.241787601+1.3736344514752721E7i           1.8078273674830098E7
0                         4.0481067694876277E-7    2.5753493727551003E-7    9989353.18311811+1.4473561560769802E7i            1.8545563191719104E7
0                         4.0481067694876277E-7    2.0714308067700738E-7    7507486.639933131+1.0995584579867752E7i           1.5972010885770803E7
-2.6469779601696886E-23   7.245654816930181E-7     6.376431187878918E-8     3488466.374985274+2466659.812412029i              7041950.078146754
0                         6.930442476933175E-7     5.100816087261462E-8     2812969.937412098+2029971.3178474107i             6967508.126014073
1.6543612251060553E-24    6.926043182087825E-7     -8.272410280721334E-8    -4438599.010623487-3368503.5668986747i            9187590.965369333
0                         4.048106769487628E-7     2.79063042588469E-7      1.096604535596998E7+1.6207315292215865E7i         2.0211869633927833E7
3.3087224502121107E-24    4.0481067694876277E-7    3.379968755225224E-7     1.3000996621128174E7+1.9341355385660015E7i        2.3650695450639628E7
0                         4.7333691249732846E-7    3.3810438509062026E-7    1.342018959100294E7+1.7287825156189684E7i         2.2319939407517847E7
0                         4.7278923339143395E-7    3.314883455331893E-7     1.3321902949042944E7+1.7233864122610696E7i        2.222244083086024E7
-3.3087224502121107E-24   4.0481067694876277E-7    3.6038578813905066E-7    1.3570981486055702E7+2.0232841447688892E7i        2.4603246223461233E7
0                         4.0481067694876277E-7    4.099925578214459E-7     1.4193070163594319E7+2.1371942229295768E7i        2.580387751381738E7
0                         6.509859582013704E-7     1.3255461462843295E-7    6823352.23617557+5611162.303235293i               1.0817352857262414E7
0                         6.705836698145423E-7     1.485399450120071E-7     7755374.351541788+6218241.528153069i              1.1452607696420357E7
0                         6.578698432351904E-7     1.5991641382153506E-7    8234517.869899998+6776107.8639801415i             1.2028559910454769E7
0                         6.410384686553871E-7     1.6274714920797545E-7    8266697.333987972+7100662.413608077i              1.2333748300010491E7
0                         4.788499947104467E-7     3.425026801200342E-7     1.3699581815303065E7+1.7447499555302676E7i        2.259541941797522E7
1.6543612251060553E-24    4.2957613825231527E-7    4.457236684465527E-7     1.45860719242301E7+2.0923668678555597E7i          2.576382016708413E7
0                         4.962314594314798E-7     4.457236684465528E-7     1.5040331964587035E7+1.836226429861229E7i         2.4151369400999896E7
-6.6174449004242214E-24   5.643604176755028E-7     2.482016625425285E-7     1.1123226819983644E7+1.1140803774883518E7i        1.7025569297116224E7
0                         6.526453161246262E-7     1.8190332702945102E-7    9139921.45139123+7732257.194084536i               1.325162086897151E7
6.6174449004242214E-24    6.41117934249498E-7      2.923429392833327E-7     1.3314771767356593E7+1.1550479041835893E7i        1.8507332620416258E7
-6.6174449004242214E-24   5.761765813329171E-7     2.9910786931305563E-7    1.2983986223251E7+1.2717972605404459E7i           1.9007316534941744E7
0                         4.820829262188099E-7     3.355042066868296E-7     1.366805695359225E7+1.7332141112001665E7i         2.2498326636853546E7
0                         4.211107416564642E-7     1.7500732835666212E-7    6144251.209548431+8480193.990188135i              1.4074402613618886E7
3.3087224502121107E-24    4.0481067694876277E-7    1.622613169736564E-7     5389279.057586692+7884811.57688833i               1.3375958068607785E7
0                         5.122042016630905E-7     2.1271907331504992E-7    9527537.104738727+1.0706119924027124E7i           1.5892353667053297E7
0                         4.786782271399676E-7     3.345049319927811E-7     1.3598702096921306E7+1.738836081536282E7i         2.247866332190833E7
6.6174449004242214E-24    9.170441589635832E-7     1.3913097951325565E-7    7201314.524906678+2569326.544054795i              1.188386692833549E7
1.6543612251060553E-23    8.840109665589397E-7     1.555873715367559E-7     8015000.616230871+2933256.3646083935i             1.126833083251504E7
0                         7.191376553515902E-7     1.6671927879709242E-7    8720746.279104756+6139944.731901305i              1.2318980223757999E7
-6.6174449004242214E-24   8.582082660181202E-7     2.0329463399612063E-7    1.0026594467004908E7+4303744.635328286i           1.3188937198841838E7
1.9852334701272664E-23    9.168045775200016E-7     1.838839511341664E-7     9041519.640826037+2421969.312871263i              1.208623006579049E7
-1.3234889800848443E-23   8.947124546920311E-7     2.1609288361610416E-7    9967792.761006873+3330403.004474921i              1.2958256396364406E7
5.293955920339377E-23     1.2144320308462883E-6    1.3163477256883595E-7    3928196.35535552-3377402.344659157i               1.339845587349226E7
0                         1.2144320308462883E-6    4.4572366844655277E-7    8696790.160796328-7880424.121743404i              1.224949932300429E7
-6.6174449004242214E-24   1.2047294125653607E-7    -5.4177059992643494E-8   -749658.1763377399-1156741.7874300606i            9232586.035260279
0                         2.429292671279745E-7     5.948826477865517E-8     1250010.7835052293+1410235.8895876387i            1.8183080010052633E7
6.6174449004242214E-24    0                        4.436886207510373E-8     268340.0116609678+787912.6124573011i              1069463.8785544212
6.6174449004242214E-24    5.812045785468935E-8     -2.552427027151395E-9    -33051.50056060089-71618.0350752136i              4805374.342188876
6.6174449004242214E-24    0                        -4.436886207510373E-8    -276742.704338883-918454.2661553452i              968179.4625948964
0                         7.655579962140228E-8     6.542684884060526E-8     693827.8096366016+1411137.1135998818i             6444441.772704622
0                         6.866435007000858E-7     -1.0938876761640242E-7   -5868701.65538994-4478540.769039001i              9357334.085067747
0                         4.771927731982387E-7     3.36489827235441E-7      1.3554820166235846E7+1.730325395696715E7i         2.2369741828412794E7
3.3087224502121107E-24    4.0481067694876277E-7    4.457236684465527E-7     1.4736057807501564E7+2.1991241542303775E7i        2.6643918500207115E7
0                         6.651249287303628E-7     1.6790702109120413E-7    8687545.582228288+6981072.998239353i              1.2475434566991204E7
4.1359030627651384E-25    4.867723564772883E-7     3.418091714985628E-7     1.3805636244423512E7+1.7330913945833087E7i        2.2617595316868618E7
-6.6174449004242214E-24   6.136729525580642E-7     4.457236684465528E-7     1.5501494493184939E7+1.4405456444091164E7i        2.1877137063686807E7
0                         6.881616988740355E-7     3.978295959370143E-7     1.5371884515078688E7+1.2051645363431582E7i        2.022580231127326E7
6.6174449004242214E-24    6.594171668704033E-7     4.457236684465528E-7     1.5922071017913373E7+1.3243287648563778E7i        2.1313018421098176E7
6.6174449004242214E-24    6.400077995513397E-7     4.145395176181685E-7     1.5323683138439644E7+1.3161911811949534E7i        2.09455452909985E7
6.6174449004242214E-24    7.115433440389337E-7     4.457236684465528E-7     1.5923833453541804E7+1.1652170583803926E7i        2.0548997408020474E7
0                         6.653123572430028E-7     1.7967980069664388E-7    9113620.47161048+7251655.846681235i               1.2946941582274668E7
6.6174449004242214E-24    7.079823640439226E-7     3.146782694854729E-7     1.4153929951548973E7+9947573.150675524i           1.808410193044236E7
0                         8.518735131742948E-7     4.457236684465527E-7     1.57226173186491E7+6462094.4491073415i            1.767519246168251E7
0                         7.868661569218205E-7     3.7218715107475933E-7    1.4772892676746488E7+8085816.069743233i           1.760052709388796E7
-3.3087224502121107E-24   3.713163589710846E-7     2.28719275193699E-8      -301425.5242538313-191601.26344172514i            1.9494307450117648E7
0                         3.258812924319995E-7     4.569473248067654E-8     -3492602.8914957684-3235358.308457351i            2.2412595778573405E7
3.3087224502121107E-24    3.341587528859366E-7     2.3248404524220318E-23   -264261.41926858784-173967.77140380864i           2.4056742273022104E7
0                         3.67742134455443E-7      -2.622766939059858E-9    127013.8568690187+87051.32578678482i              2.0353187518117934E7
-3.3087224502121107E-24   4.0481067694876277E-7    -2.908572125757574E-8    40458.40275748468+21562.414853423757i             1.6480643972678438E7
1.6543612251060553E-24    3.349284580711162E-7     -4.838043261769996E-8    3530230.4069789713+3337329.8619674966i            2.1220360602208618E7
8.271806125530277E-25     3.251713317899763E-7     -4.5402139950156244E-8   3449483.4643290415+3278370.339217287i             2.2356779829771686E7
0                         3.2584904163317056E-7    5.4761703028297576E-8    -4013614.4050993603-3597703.6841166057i           2.1126151038184315E7
0                         3.24970696555981E-7      5.0869258428683064E-8    -4025713.758528979-3630824.923227534i             2.1643821713014398E7
0                         3.221038368927431E-7     5.584714369209338E-8     -4545114.04351131-4069750.27856003i               2.1377933997013517E7
0                         3.905486564586962E-7     1.5070927513429238E-7    550587.9944559967+954508.4959206383i              1.089018754538026E7
-1.6543612251060553E-24   3.695278543888481E-7     1.425007216743512E-7     -302543.17865105486+255501.6779716412i            1.1726132587420508E7
-3.3087224502121107E-24   2.951442792554136E-7     1.024258598957873E-7     -4422967.841482741-4249835.2884868225i            1.4715519930985183E7
0                         4.0481067694876277E-7    5.720766611629198E-8     40053.369907795975+187480.32397166966i            1.5263927935280934E7
-8.271806125530277E-25    3.3156828818064024E-7    5.3161048325825355E-8    -3395425.2794359415-3093080.2247484797i           2.094576335686309E7
-3.3087224502121107E-24   3.538787295229262E-7     -1.2398315886083805E-7   1531685.6427215845+1130539.5616418528i            1.2767338481519882E7
0                         4.0481067694876277E-7    -1.2247503680099905E-7   -620292.3801685189-856598.5225978629i             1.1460152633477619E7
8.271806125530277E-25     3.3638825816599775E-7    -6.395905135374167E-8    3325591.636912317+2988309.400112106i              2.0084093495171662E7
0                         3.182396563385692E-7     -6.343381124083152E-8    4176550.197449693+3710820.036992078i              2.02989071079639E7
3.3087224502121107E-24    2.873933361043472E-7     -1.114077343861201E-7    4559277.618078302+4354878.345511718i              1.3672330416842995E7
-3.3087224502121107E-24   3.015852552501473E-7     -1.6685527697298306E-7   2351038.115113746+1232840.7837192998i             1.1801600064884165E7
0                         3.232695709983424E-7     -5.53045889386516E-8     4105714.0225581606+3696381.320910208i             2.157910237332141E7
-3.3087224502121107E-24   2.623301555560212E-7     -1.838422404158222E-7    1851623.2671210333+497954.3378957648i             8096533.39475522
0                         2.1845653395423077E-7    -1.6518554386307116E-7   1921368.7230503354+907919.3781710132i             5272372.543904722
3.3087224502121107E-24    2.4663417250518805E-7    -1.4426116112124456E-7   3149179.0862403787+2663585.0836372636i            8736597.291037831
-3.3087224502121107E-24   3.0650930569558767E-7    -2.1794848318051102E-7   789233.9612431198-629520.039442876i               9940487.793657381
3.3087224502121107E-24    2.470772530883222E-7     -2.3543370847644549E-7   1416034.356455968-1348146.733979093i              8269194.475809976
0                         2.2069103669620642E-7    -2.2885546097923546E-7   1685507.4393952056-1061403.8232134501i            6656236.946874529
8.271806125530277E-25     1.9445774481720757E-7    -2.8327782105937676E-7   2224787.03977275-2028865.084784014i               6378292.836653074
0                         1.183621861921214E-7     -2.078816710009919E-7    -326123.72089824337-3482091.387291157i            4141782.5193534372
-1.0339757656912846E-25   1.1513907745767914E-7    -2.0461885748524736E-7   -598592.077814427-3695725.5482147075i             3974722.8307929644
0                         3.0257191062034473E-7    1.576897610256885E-7     -2606261.5039500985-1814628.8945219682i           1.2226703736081412E7
0                         2.1731686092286983E-7    1.7520511471491508E-7    -2052393.4582943842-633826.8064576383i            5343316.187541877
-3.3087224502121107E-24   3.111376090332974E-7     2.2109966464668137E-7    -669855.7572290929+1054712.8802259194i            9782349.65724439
0                         2.1590675670731769E-7    1.6443578411235084E-7    -2380218.3340941435-1104131.1664599995i           5233517.355048263
-1.6543612251060553E-24   3.7398138207890795E-7    1.7497596113962513E-7    96811.95358833573+815039.7642823114i              1.0555743549610274E7
8.271806125530277E-25     2.0848700466590606E-7    1.7050596155886884E-7    -1951855.8355035235-470552.2846403991i            4730604.685452542
0                         1.610450647624651E-7     -3.1113300659520074E-7   2661404.566633902-2473668.002284965i              5798345.854196672
0                         1.1244237034527167E-7    -2.0569679271964817E-7   -487246.7946259709-3791614.8991978997i            4197559.857527618
0                         1.5542147801101528E-7    -3.257577205699684E-7    2971781.933785647-2295884.8377305763i             5600551.104826379
0                         1.1210284432675364E-7    -2.0657976494489885E-7   -656548.4269486238-4254456.527829048i             4698116.59678199
0                         0                        -3.3208373856121613E-7   3893695.5164637966-1919291.487442165i             4347466.0180849135
-1.0587911840678754E-22   0                        -2.184438086758795E-7    -1086474.9837263506-5561086.547731898i            5698349.448207786
0                         1.114934002831982E-7     -2.0583860403134034E-7   -775832.2684974668-4561303.0387785835i            5091460.00264781
-8.271806125530277E-25    2.043848287327706E-7     3.01824057255159E-7      -2370728.4615280167+2329193.2969928533i           7032849.745618
0                         9.901265081548767E-8     2.086243933096728E-7     587649.091432793+4180314.717172245i               4339596.736090765
8.271806125530277E-25     2.040893509695161E-7     1.7271580831706605E-7    -1352367.5921764951+445206.31360424386i           5018322.208381315
8.271806125530277E-25     2.0806462318456905E-7    1.7420550492035314E-7    -1943654.5069049753-243851.7851529617i            5162063.434842327
-8.271806125530277E-25    2.0890160161240936E-7    3.0351667623886993E-7    -2008029.4868004818+2584714.2817853414i           6942838.895372485
-8.271806125530277E-25    2.0375301438726548E-7    3.067090812444527E-7     -2268077.982218677+2587485.3830159493i            6620155.071562636
-1.0339757656912846E-25   9.89591295183069E-8      2.0903820604204621E-7    356127.55890832614+4119062.3487181244i            4335180.869263717
-1.0339757656912846E-25   9.844532377288113E-8     2.0870917300429743E-7    660202.9979641918+4637930.609402506i              4892629.947301506
-1.0587911840678754E-22   0                        2.1844380867587958E-7    930032.6755935971+5360240.559934467i              5447496.486080819
0                         9.688521219864761E-8     3.184452727390873E-7     -3568104.309035749+2170103.663865315i             4988405.484577842
0                         9.940305354074083E-8     3.2005765833954787E-7    -3402411.893083065+2366706.542844729i             4907352.806175532
1.6543612251060553E-24    2.975031488633426E-7     -2.9339614738355517E-7   477850.9067676753-2845961.0434459513i             8357335.449738929
6.6174449004242214E-24    2.917936601563077E-7     -3.1736775741026994E-7   389606.95129532873-3432118.8984367843i            7608467.6346928105
0                         3.1858335174886756E-7    -3.122210637167122E-7    -184216.24527534633-3440053.057092621i            7350683.757153073
3.3087224502121107E-24    3.005644256617372E-7     -3.2556268764508506E-7   129942.77386285807-3655728.680351899i             7338293.991982603
4.963083675318166E-24     2.889914814077966E-7     -3.3208997454653474E-7   425362.6945357061-3549955.6643603607i             6943591.352674718
1.6543612251060553E-24    3.005211138875588E-7     -4.339063223617766E-7    66455.61757484058-4487703.046926612i              5494790.60679383
1.6543612251060553E-24    3.040417081880036E-7     -4.457236684465528E-7    -39341.68120619404-4597444.837205235i             5267365.194561815
3.3087224502121107E-24    3.1575663290721403E-7    -4.457236684465528E-7    -478108.2382663807-4857868.553897169i             5506431.7767415205
1.6543612251060553E-24    3.1493360207967284E-7    -4.239959674058959E-7    -439683.8413744606-4677107.596263928i             5832501.575422393
1.6543612251060553E-24    3.555500665578169E-7     -4.4572366844655277E-7   -1406434.37649653-4517224.123378515i              5313919.469030441
0                         2.1400389587682244E-7    -4.457236684465527E-7    2671507.183706089-2919828.0224006036i             4807036.165966345
0                         2.1611376013759174E-7    -4.1265784208138033E-7   2499469.8205881794-2781459.1883778693i            5155451.212580156
3.3087224502121107E-24    4.0481067694876277E-7    -7.106334885445178E-8    -306822.19504430215-456865.0550263779i            1.4673152513943346E7
0                         4.0481067694876277E-7    2.3721473678056144E-8    -230487.9368687519-172635.62615580895i            1.6643899049679669E7
6.6174449004242214E-24    3.8331229340881396E-7    -3.394459883762836E-7    -1841279.9789095293-3753164.803178099i            6232258.429376068
-1.6543612251060553E-24   4.0481067694876277E-7    -3.9919901680121826E-7   -2299426.8393890946-3621153.144607077i            5156629.295705926
-3.3087224502121107E-24   4.048106769487627E-7     -3.4115748411427057E-7   -2369610.522571524-3600144.9345134012i            5757521.493004322
-3.3087224502121107E-24   4.0481067694876277E-7    -3.1657404149144293E-7   -2251236.9996106275-3511758.76411546i             6113366.724965461
0                         3.624841859934109E-7     -2.1742384376173693E-7   -390940.2350179916-1578261.741406659i             9473378.342132084
0                         4.0481067694876277E-7    -2.491234228295679E-7    -1733739.5322060522-2598094.796560203i            6813477.404395117
-3.3087224502121107E-24   4.0481067694876277E-7    -2.218305523870462E-7    -1763839.638859316-2590353.953899771i             7297519.334441969
0                         4.0481067694876277E-7    -1.847936517365227E-7    -1457760.4581748862-2011914.8402015201i           9437409.753855553
3.3087224502121107E-24    4.0481067694876277E-7    -4.457236684465527E-7    -2491319.790638785-3790633.2129684743i            5278849.273027706
0                         4.0481067694876277E-7    1.360940974810027E-7     943760.6469264891+1275681.268825565i              1.0680110354780965E7
0                         2.2749097318003724E-7    -2.457370449823213E-7    1324260.7797094057-1691204.6135647735i            7243733.468197513
-3.3087224502121107E-24   2.3413233341041154E-7    -2.543701145832266E-7    1208567.2527265386-1997152.102022078i             7414155.543017937
-8.271806125530277E-25    2.3440395028456402E-7    -3.2236736814764417E-7   1633148.4011708926-2902746.2476377343i            6715790.497057922
0                         1.5993522287077374E-7    -3.380866968469554E-7    2924794.4219388794-2485108.070445811i             5548731.49914116
0                         1.6759313036861802E-7    -3.2612549477155674E-7   2895122.1904368773-2347204.5266352925i            5799241.585737289
0                         1.8911699668253973E-7    -4.419077192662658E-7    3344455.0902831797-2399482.6949227923i            4572892.959700307
0                         1.8667391565649347E-7    -4.457236684465527E-7    3549120.460729044-2306667.3214177988i             4541101.943057597
0                         1.913342646905239E-7     -4.457236684465527E-7    3403242.0512660434-2563051.5149973743i            4872605.844712165
-1.6543612251060553E-24   1.396310857758312E-7     -3.5782484311461526E-7   3361437.155659338-2011217.8464813973i             5289158.028379412
-3.3087224502121107E-24   7.611575413599851E-8     -4.457236684465527E-7    5052782.317971013-197956.73614586782i             5182051.781543367
8.271806125530277E-25     1.7748454918846015E-7    -4.457236684465527E-7    3691159.390396309-1960420.9061747815i             4415468.170455487
0                         0                        -4.4572366844655277E-7   5744267.397108954-134060.22507269197i             5746054.487772057
3.3087224502121107E-24    3.2009757832018636E-7    3.2677928377364126E-7    356399.46821079974+3778584.798886712i             7203383.634197162
-3.3087224502121107E-24   3.0619600246222623E-7    3.3486896995387694E-7    78936.42128940736+3884043.180498319i              7120233.87002786
-4.963083675318166E-24    3.0383053908689365E-7    3.1660022825710494E-7    -95589.55234796366+3499224.678527015i             7776716.9025125895
-8.271806125530277E-25    2.192539704550321E-7     2.947657511655832E-7     -1692187.9778380077+2486257.709138194i            7142266.763997886
0                         2.3837125222619716E-7    3.146040095279286E-7     -1512206.0263627248+2896497.706894918i            6984991.283460111
-3.3087224502121107E-24   2.987758188315725E-7     3.49862275930646E-7      -82456.3741914418+3804516.8919215314i             6538083.382766353
3.3087224502121107E-24    4.0481067694876277E-7    1.622613169736564E-7     734982.6960958914+951224.4029634503i              9692068.634655045
6.6174449004242214E-24    3.7922861640659704E-7    2.5872567663945717E-7    1276610.2107084552+2609064.6321066245i            7781651.869547454
0                         4.0481067694876277E-7    2.5753493727551003E-7    1940545.764098018+2949440.674113132i              6698507.303758081
0                         4.0481067694876277E-7    2.0714308067700738E-7    1007874.1135318662+1608799.6072665593i            8262828.926988703
0                         4.048106769487628E-7     2.79063042588469E-7      1973115.5808381464+2972394.3295546733i            6285793.2436296595
3.3087224502121107E-24    4.0481067694876277E-7    3.379968755225224E-7     2406012.6570813074+3662777.6117554307i            5953822.948774774
-3.3087224502121107E-24   3.784650435248287E-7     3.533711258179332E-7     1805461.476305216+3878617.270542211i              6205080.204993919
-3.3087224502121107E-24   4.0481067694876277E-7    3.6038578813905066E-7    2428556.607282466+3716590.9014419466i             5643309.592743266
8.271806125530277E-25     2.1870583030792516E-7    4.1491011538750973E-7    -2437430.3344111554+2860266.0680406466i           5181692.045320097
3.3087224502121107E-24    3.3029999519553334E-7    4.308186424710969E-7     853670.7872654819+4698630.853036288i              5615780.67475759
0                         3.157566329072141E-7     4.4572366844655277E-7    482830.3951639761+4823176.401143634i              5480683.226703451
0                         3.555500665578171E-7     4.457236684465527E-7     1422567.3664958386+4553369.244089893i             5400558.747910834
0                         2.140038958768217E-7     4.4572366844655277E-7    -2666006.56705003+2898650.324827787i              4825291.685245194
-1.6543612251060553E-24   3.040417081880036E-7     4.4572366844655277E-7    62629.29738006973+4652278.918153738i              5309484.274210548
-6.6174449004242214E-24   3.1346570626984056E-7    4.252272709540098E-7     363602.2969055011+4595096.528507925i              5721825.021552004
0                         4.0481067694876277E-7    4.099925578214459E-7     2331265.7034082585+3669328.2295877296i            5057956.400952745
-8.271806125530277E-25    2.0391193386512348E-7    3.133088118671505E-7     -2194210.8566414956+2767316.7233297657i           6611995.889086312
0                         1.866739156564935E-7     4.4572366844655277E-7    -3481263.1187965935+2340470.606258573i            4505681.773063535
0                         9.946902311506326E-8     3.227972936925604E-7     -3376317.1283710836+2352089.1735100853i           4875315.742732786
1.0587911840678754E-22    0                        3.320837385612162E-7     -3786582.160163233+1906158.5701201225i            4241106.454299328
0                         9.754913313934993E-8     3.27493234507198E-7      -3427947.7870837497+2264492.4573885053i           4829956.639016269
3.3087224502121107E-24    7.611575413599854E-8     4.457236684465528E-7     -5088848.569144159+160191.78329080137i            5213754.214451082
0                         1.7748454918846047E-7    4.4572366844655277E-7    -3691159.390396304+1960420.9061747948i            4419551.274415022
0                         0                        4.4572366844655277E-7    -5744267.397108952+134060.22507270664i            5746054.487772054
-8.271806125530277E-25    2.101473059029679E-7     3.08022941317334E-7      -2185931.9694783366+2766551.9902598336i           6948036.816287557
0                         1.9134251536632702E-7    4.4176598740277313E-7    -3318021.5298721404+2490213.9369665985i           4670104.226184261
3.3087224502121107E-24    4.0481067694876277E-7    4.457236684465527E-7     2491319.790638795+3790633.212968472i              5277532.757370284
0                         1.913342646905238E-7     4.4572366844655277E-7    -3403242.051266043+2563051.514997384i             4851527.799049685
0                         9.688521219864761E-8     3.206212832158238E-7     -3481986.8553236853+2334729.596784904i            4848494.92201784
