% Model:              omc_unitcell_iso.mph
% Version:            COMSOL 6.2.0.658
% Date:               Jul 1 2026, 12:28
% Dimension:          3
% Nodes:              305
% Expressions:        2
% Description:        Electric field, y-component, Electric field norm
% Length unit:        m
% X                       Y                        Z                        ewfd.Ey (V/m) @ lambda=1.5E-11                    ewfd.normE (V/m) @ lambda=1.5E-11
-3.3087224502121107E-24   3.11640147700064E-7      -1.1976618988071797E-8   -183418.87303043602-126599.09892703663i           7851598.075067754
8.271806125530277E-25     3.251713317899763E-7     -4.5402139950156244E-8   -832601.193928796-73804.92567674369i              8839964.0000388
3.3087224502121107E-24    3.341587528859366E-7     2.3248404524220318E-23   40227.57225137903+79638.35511911704i              9002962.365907842
3.3087224502121107E-24    2.1377803373446657E-7    -8.98969548131277E-8     -1692282.1569569744-480984.563140066i             5858168.732265438
3.3087224502121107E-24    2.873933361043472E-7     -1.114077343861201E-7    -1942670.5752680546-429522.27681335306i           8302056.446783098
0                         3.182396563385692E-7     -6.343381124083152E-8    -1133831.8504183344-61741.11662941619i            8603121.235956203
-1.6543612251060553E-24   1.99411942363288E-7      -1.1418858509067949E-7   -2395951.8410759065-496435.2856272866i            6148732.745945419
0                         2.1845653395423077E-7    -1.6518554386307116E-7   -3141287.0375134945-1537858.1113191876i           7510602.346564455
3.3087224502121107E-24    2.4663417250518805E-7    -1.4426116112124456E-7   -2807995.3073453596-783029.9117745573i            8006822.727238884
-1.0339757656912846E-25   1.1513907745767914E-7    -2.0461885748524736E-7   -3551270.2278669532-4208689.813025048i            6978960.809248277
4.1359030627651384E-25    2.5720174943636357E-7    5.1192065844283316E-8    1191818.1181288122+151879.81785008212i            6459190.079372515
0                         2.538559103127853E-7     5.584570174921412E-8     1301524.8059584678+203421.3859807959i             6532480.310131005
0                         3.24970696555981E-7      5.0869258428683064E-8    1038888.7414020731+163197.03038795883i            8698405.163626656
0                         3.258812924319995E-7     4.569473248067654E-8     950529.7586702188+216898.18552369147i             8798559.919061836
-3.3087224502121107E-24   2.951442792554136E-7     1.024258598957873E-7     1914113.374614325+189274.94965650214i             8321242.954873666
0                         3.221038368927431E-7     5.584714369209338E-8     1120192.9566997522+132818.0119864234i             8680690.762212224
0                         2.5315329523993733E-7    6.001853845885086E-8     1216728.1407692183+353315.2643226539i             6499285.295838835
0                         2.5085145295922413E-7    5.462592438847495E-8     1207689.1551091266+280331.2257692828i             6332209.233174217
-1.6543612251060553E-24   1.8936295177487544E-7    -5.345153217925148E-8    -936383.959239063-741195.3265565209i              5007261.944695391
0                         3.0382501758412077E-7    -4.485991782714857E-8    -861766.4230646945-103341.46427111572i            8223953.023043178
0                         3.232695709983424E-7     -5.53045889386516E-8     -1075875.3281376231+17877.891117065243i           8626448.825634092
3.3087224502121107E-24    2.3887937212247125E-7    -7.0981566033776E-9      -128517.30936172209-131420.15581320293i           6274348.92795578
0                         2.1590675670731769E-7    1.6443578411235084E-7    3314567.7914014435+1712701.1612747821i            7307876.695035017
8.271806125530277E-25     2.0626333866638028E-7    1.6851892779815737E-7    3655515.157625925+1777168.8105231386i             7424299.6323034
8.271806125530277E-25     2.478102917674804E-7     5.7999085052770066E-8    1054301.98190721+373618.6111537871i               6302657.21646641
8.271806125530277E-25     2.0848700466590606E-7    1.7050596155886884E-7    3711145.31680461+2000947.6879928524i              7935197.999274587
3.3087224502121107E-24    1.8845011221180134E-7    -7.933319908910908E-8    -1573058.7981639323-632929.7430275808i            5347441.807987975
-1.0587911840678754E-22   0                        -2.184438086758795E-7    -2815155.0785764605-5996534.306570153i            6847395.041481721
6.6174449004242214E-24    7.412316040165247E-8     -9.059081845819273E-8    -1784041.254450928-663307.268055555i              3654670.621987894
0                         1.1222187758084808E-7    -2.0359382100811807E-7   -3318278.4813611717-4709868.8963282i              6952913.924829806
-1.6543612251060553E-24   1.6148098076991665E-7    -8.194116355486126E-8    -1690510.130598915-666622.8149127663i             4661543.553319846
0                         1.1244237034527167E-7    -2.0569679271964817E-7   -3627938.254323773-4535159.3123453i               7072719.123307856
0                         1.114934002831982E-7     -2.0583860403134034E-7   -3452944.2632911224-4979240.674292928i            7253080.401471859
0                         2.0046547469079038E-7    1.684949217441033E-7     3619398.326603452+1889922.5816297312i             7103649.034394461
-3.3087224502121107E-24   1.1811756029585402E-7    1.0937180041687409E-7    2464572.000648467+672416.3098371198i              4523020.298010998
0                         9.892122696120922E-8     2.0811770775040243E-7    3348314.4180218563+5300834.33031582i              7194402.664185995
-1.0587911840678754E-22   0                        2.1844380867587958E-7    2858632.0547752418+6165064.755318128i             7101577.885974091
8.271806125530277E-25     2.040893509695161E-7     1.7271580831706605E-7    3888895.424330417+1760420.036282161i              7580466.541151755
0                         9.901265081548767E-8     2.086243933096728E-7     3499196.4731379864+5239291.498768901i             7329958.063822718
-1.0339757656912846E-25   9.844532377288113E-8     2.0870917300429743E-7    3450107.303568096+5357136.7221615445i             7315520.91433862
0                         4.3156852068532967E-7    -9.441573109727262E-8    -2581152.45229951+917533.176016299i               6224542.587723622
3.3087224502121107E-24    4.0481067694876277E-7    -7.106334885445178E-8    -1786641.2996462958+851559.2258367165i            7303758.684842631
0                         4.0481067694876277E-7    -1.2247503680099905E-7   -3831371.3305370086+936742.5576563206i            7158985.220678172
3.3087224502121107E-24    4.2236659387354457E-7    -3.3156600261566373E-7   -7920823.1994410455-2393919.624048002i            1.1690697086951379E7
-3.3087224502121107E-24   4.0481067694876277E-7    -3.1657404149144293E-7   -8308184.592843302-2739365.4232976898i            1.1866730811355844E7
-3.3087224502121107E-24   4.048106769487627E-7     -3.4115748411427057E-7   -8417529.463644123-3352819.6283527203i            1.2336009302297376E7
0                         4.502508420350996E-7     -2.9324605695653366E-7   -7178396.843756621-1173826.0001806563i            1.050249827829101E7
0                         4.561468564307357E-7     -2.3347254581814542E-7   -6291290.056307002-13259.209079890288i            8981030.262880577
-3.3087224502121107E-24   4.0481067694876277E-7    -2.218305523870462E-7    -6803090.277962967-963367.6320253895i             9674225.02759226
0                         4.0481067694876277E-7    -2.491234228295679E-7    -7412652.695744354-1464033.4475886244i            1.0228624443480715E7
0                         4.0481067694876277E-7    -1.847936517365227E-7    -5569885.835675063-65827.91466251687i             8835716.19186247
0                         4.997136481438985E-7     -5.4578163674120465E-8   -1303025.486847521+423801.5485757027i             5019268.81860749
3.3087224502121107E-24    4.489461804632103E-7     -5.6775778379933294E-8   -1522984.251038703+651280.0845680458i             6470475.304647451
3.3087224502121107E-24    4.4989759452706147E-7    -1.6556817874517087E-8   -125270.91891003115+75609.0100522713i             6521965.62133755
3.3087224502121107E-24    5.064721380278715E-7     -9.25383604059818E-8     -2413702.275440586+815130.6916299462i             5498065.76348603
-3.3087224502121107E-24   4.814698782554942E-7     -7.107843754157303E-8    -2031128.790735643+664831.3653990963i             5420071.259224965
0                         4.0481067694876277E-7    2.3721473678056144E-8    928678.519499898-418318.1053766389i               7254516.490379698
-3.3087224502121107E-24   4.0481067694876277E-7    -2.908572125757574E-8    -648606.691340483+635565.8404619275i              7419116.509203568
0                         4.375981764020514E-7     -1.443441900957181E-7    -4368887.872905122+703973.8399591406i             7722793.780467744
-3.3087224502121107E-24   4.993313195216967E-7     -2.159181114847459E-7    -5586434.628299286+698037.2906570851i             8275197.577789168
0                         5.165759812286529E-7     -1.5276612097377223E-7   -3680879.204714004+999868.7021253159i             6882671.889404363
0                         4.777461392223046E-7     -1.1661254719235383E-7   -2934261.9655157398+722131.760185711i             6662009.708710815
1.6543612251060553E-24    6.117018165168023E-7     -2.3743763663215706E-7   -4351965.21028978+3110875.182734039i              9569387.215113644
-1.6543612251060553E-24   4.569758984411236E-7     -3.472823263841108E-7    -7626874.4539220035-1243210.1133684542i           1.112307337525194E7
-1.6543612251060553E-24   4.0481067694876277E-7    -3.9919901680121826E-7   -8501957.822138349-3312349.224300325i             1.2422462339667222E7
3.3087224502121107E-24    5.081525458428524E-7     -3.9970774983858666E-7   -7249917.68303103+180060.49662086915i             1.091372441605196E7
3.3087224502121107E-24    4.962314594314798E-7     -4.457236684465527E-7    -7410903.620002789-178882.8941387861i             1.1276343547456063E7
3.3087224502121107E-24    4.2957613825231527E-7    -4.457236684465527E-7    -8435634.295055516-2762005.3051557727i            1.24729462122787E7
3.3087224502121107E-24    4.0481067694876277E-7    -4.457236684465527E-7    -8522122.616339523-3263681.2130264905i            1.2983476947196057E7
3.3087224502121107E-24    7.584990733679616E-7     -3.525345509788203E-7    -2733008.444813039+5706264.750701411i             1.3806645691414505E7
1.6543612251060553E-24    6.455923658273635E-7     -2.9779599197226205E-7   -4317271.410615182+4080490.2235079384i            1.097765306982707E7
-1.3234889800848443E-23   6.594171668704031E-7     -4.457236684465528E-7    -4497474.451315377+5026885.956489585i             1.3314355742659517E7
0                         7.115433440389336E-7     -4.4572366844655277E-7   -3048507.315044407+5395176.459478622i             1.3951430611533703E7
0                         6.13672952558064E-7      -4.457236684465528E-7    -5798828.680759008+3607375.906753293i             1.2653766781317364E7
0                         5.835703006909465E-7     -3.9683597509188217E-7   -6227455.152379146+2705882.695066704i             1.1761458913395656E7
1.6543612251060553E-24    5.073206154392238E-7     1.6639490242751647E-8    720607.2959471869-312323.99456837686i             5490343.061407568
0                         4.872041077290517E-7     5.2308274107395806E-8    1662430.2721002125-748015.8894354028i             5686982.964178719
0                         4.0481067694876277E-7    1.360940974810027E-7     4585544.593684884-852082.0228181914i              7777798.655133618
0                         4.0481067694876277E-7    5.720766611629198E-8     1910088.2396566109-924168.638594382i              7432222.045543896
0                         4.862892861970411E-7     7.59710070016916E-8      2261269.025173821-876664.63502196i                5726593.981226362
6.6174449004242214E-24    1.7939660431371156E-7    5.0528916286388705E-9    220055.50927006826-144675.1279050785i             4379726.249240414
0                         2.459427215263416E-7     5.2736472453813216E-8    1170781.7285389202+158594.70705697004i            6113410.388179599
3.3087224502121107E-24    1.5707454531081041E-7    6.25005572267353E-8      1290778.6890967987+786062.2955761674i             4493174.460304214
6.6174449004242214E-24    2.1433983851951722E-7    7.1700210684364934E-9    142142.0479900141+31160.938155207237i             5366804.538091039
0                         2.49260976348461E-7      5.607337329607634E-8     1040185.8107211147+324942.08618690807i            6324785.160502538
-1.3234889800848443E-23   6.246188711819906E-7     3.9309164022119866E-8    818324.7498297909-800094.3874520113i              4525364.7517779665
0                         5.960440285226311E-7     2.988217108289382E-8     582971.0525911397-626143.3994677911i              4664943.718817024
-1.6543612251060553E-24   5.631430720862984E-7     6.27649824210615E-8      1700746.365236468-894795.1379464973i              5134973.172950173
-1.6543612251060553E-24   6.691471139469493E-7     -6.92448852235418E-8     -1221204.5449772002+1287720.5676861242i           6189147.002949668
-1.6543612251060553E-24   4.4978337932055604E-7    1.5899387636454964E-7    4938472.909806196-596399.126193822i               8065881.079549652
0                         5.281021162220563E-7     1.0122790767266414E-7    2632494.9244070607-1079251.5628898907i            6125439.3405856425
0                         5.408635932871615E-7     1.6874223547965604E-7    4186125.9027766422-1567658.4397409584i            7510648.474559884
0                         5.191967007498003E-7     7.363267056516884E-8     2103153.5091224043-864887.8109167457i             5383088.366925456
0                         1.2144320308462883E-6    -4.4572366844655277E-7   4810648.405627151+1403052.4901911363i             1.4542775038951913E7
0                         9.711902279227485E-7     -1.706099099539873E-7    723879.6448142588+3224143.036627268i              1.0318771666802332E7
5.790264287871194E-24     9.829586933867662E-7     -1.6127963750351202E-7   747903.6865380366+2863849.320175247i              9572710.568442078
1.3234889800848443E-23    1.214432030846288E-6     -1.0860767275448962E-7   1643071.3199258582-147165.98665849067i            6560346.132822545
1.3234889800848443E-23    9.682376450528536E-7     -1.6514818570509336E-7   874531.2221488692+3082806.5848398083i             9968977.514942382
1.406207041340147E-23     9.726521862409165E-7     -1.6285283285125584E-7   723938.8089731546+2956306.2812344646i             9729707.739674792
1.6543612251060553E-24    9.626704923717386E-7     -1.6119038765285642E-7   578224.2881897711+3044416.3086358435i             9595712.968216794
1.6543612251060553E-24    9.754909361905512E-7     -1.5889962744497584E-7   836860.8887929976+2920615.052756347i              9424524.079990571
8.271806125530277E-25     9.387796828040267E-7     -1.92233150566557E-7     284189.2106483558+3880475.714965265i              1.0839539985207016E7
6.6174449004242214E-24    8.550869066977325E-7     -3.054656588009247E-8    -11718.483025096451+529170.1510388822i            4505606.978230843
-6.6174449004242214E-24   7.891679577345008E-7     -7.479479087737868E-8    -827174.6451399674+1755514.1015633794i            5976812.314751942
1.3234889800848443E-23    7.97048117412347E-7      -6.302097202391355E-9    -2592.1032613778866-180263.0496141487i            4405790.3353701765
6.6174449004242214E-24    7.520580860383995E-7     -1.3288742342409566E-8   -95835.96324323614+45065.86611371431i             4425767.334207731
0                         7.054127686436632E-7     -1.0157113773708578E-7   -1378905.2471815308+2057059.293554329i            6364516.470198773
3.3087224502121107E-24    5.052561387145081E-7     -2.446466948904555E-7    -5924349.226941101+688877.5536926466i             9279843.85486142
0                         6.247238596707543E-7     -2.5434599037638164E-7   -4371845.785393114+3371377.6255674525i            1.0089337804210205E7
0                         5.214366592560964E-7     -3.381466525268136E-7    -6788279.26183074+871684.7936440781i              1.0532426214544764E7
-1.6543612251060553E-24   6.30222716919134E-7      -2.3418625134157275E-7   -4170287.646706915+3296341.79644779i              9507346.549862197
6.6174449004242214E-24    5.576046715284379E-7     -1.2432629581684775E-7   -2985851.476251564+1395615.9504851792i            6030614.051215672
0                         5.49458049142369E-7      -5.2424835329014184E-8   -887247.3745911676+428723.24005642906i            4931034.864233745
-1.6543612251060553E-24   6.772966468641454E-7     -1.1254496970161925E-7   -1873735.983055909+1980407.0788137347i            6542819.621042289
0                         7.589645985661259E-7     -1.6652353284211032E-7   -1184579.8797482422+3471994.579424317i            9010539.446263589
0                         7.894428415806573E-7     -2.946914164752046E-7    -1869713.229378874+5829511.125216079i             1.335269315413825E7
-1.6543612251060553E-24   6.480993456055181E-7     -2.4946320709047333E-7   -4109976.1163658868+3595834.0761248753i           1.0068270602529181E7
1.6543612251060553E-24    6.929039943739884E-7     -1.2131650012357304E-7   -1648904.0277608824+2308108.465046107i            6911083.22830419
1.6543612251060553E-24    6.387782450892036E-7     -2.640761444177972E-7    -4257464.431151611+3725050.2383668395i            1.0363668511995161E7
0                         7.742683920110035E-7     -3.156157027512449E-7    -2209538.5737826405+5745247.022234537i            1.3758346183557993E7
-3.3087224502121107E-24   5.495370825295924E-7     -3.5901745045618887E-7   -6560380.191200525+1606560.7934817774i            1.1093479370634858E7
0                         8.518735131742949E-7     -4.457236684465528E-7    -105567.99129780091+6752372.249585642i            1.6021269210970934E7
0                         8.064277864561567E-7     -3.349980882823954E-7    -1610286.8670166929+6561381.025628053i            1.4496277179492915E7
-3.3087224502121107E-24   4.3658923736319153E-7    2.472402499771893E-7     6932539.00552476+794458.2993900563i               1.0129274768576493E7
0                         4.0481067694876277E-7    2.5753493727551003E-7    7961825.010674325+1741902.925438577i              1.1071710776479475E7
0                         4.0481067694876277E-7    2.0714308067700738E-7    6579172.908599255+370281.5705876082i              9647332.501855621
-2.6469779601696886E-23   7.245654816930181E-7     6.376431187878918E-8     711745.6618004517-1523537.8209483812i             5080024.260656282
0                         6.930442476933175E-7     5.100816087261462E-8     577105.7510155939-1183002.9176836186i             5003580.334480705
1.6543612251060553E-24    6.926043182087825E-7     -8.272410280721334E-8    -1355092.8326863023+1639034.0773941642i           6547632.812431146
0                         4.048106769487628E-7     2.79063042588469E-7      7996277.80375246+2230053.2946489286i              1.1204994430350754E7
3.3087224502121107E-24    4.0481067694876277E-7    3.379968755225224E-7     8345560.244932899+3199149.1088532917i             1.2223393185989134E7
0                         4.7333691249732846E-7    3.3810438509062026E-7    7743941.856058407+950234.3751297249i              1.0881220510259682E7
0                         4.7278923339143395E-7    3.314883455331893E-7     7673901.932643645+875946.0888607822i              1.081233194785705E7
-3.3087224502121107E-24   4.0481067694876277E-7    3.6038578813905066E-7    8450781.3721308+3529565.9406289877i               1.2452245402066672E7
0                         4.0481067694876277E-7    4.099925578214459E-7     8483261.813694611+3361730.24222124i               1.2489420310105035E7
0                         6.509859582013704E-7     1.3255461462843295E-7    2440064.518065852-2623806.458095393i              7214382.125955448
0                         6.705836698145423E-7     1.485399450120071E-7     2564766.92412841-3001832.3865536475i              7683005.360737284
0                         6.578698432351904E-7     1.5991641382153506E-7    2779909.0246831235-3064938.3360044444i            8075404.20535087
0                         6.410384686553871E-7     1.6274714920797545E-7    3002663.5811290275-2897763.301175223i             8101458.313486909
0                         4.788499947104467E-7     3.425026801200342E-7     7660751.330354832+675105.310092811i               1.0775494049435215E7
1.6543612251060553E-24    4.2957613825231527E-7    4.457236684465527E-7     8395577.430854537+2752378.384826871i              1.2448962351533972E7
0                         4.962314594314798E-7     4.457236684465528E-7     7410903.620002782+178882.8941387674i              1.1275791625345636E7
-6.6174449004242214E-24   5.643604176755028E-7     2.482016625425285E-7     4926008.375178057-2366100.9381264476i             9816488.092311524
0                         6.526453161246262E-7     1.8190332702945102E-7    3112003.4123956705-3076713.8908045758i            8620172.964346906
6.6174449004242214E-24    6.41117934249498E-7      2.923429392833327E-7     4093010.7309966595-3983655.575278733i             1.1525073757120583E7
-6.6174449004242214E-24   5.761765813329171E-7     2.9910786931305563E-7    5272693.0610551555-2733119.9670240902i            1.0863553982769594E7
0                         4.820829262188099E-7     3.355042066868296E-7     7553644.185482192+450673.5802551966i              1.0653668911073454E7
0                         4.211107416564642E-7     1.7500732835666212E-7    5481636.353084074-660804.0113977576i              8921400.596161561
3.3087224502121107E-24    4.0481067694876277E-7    1.622613169736564E-7     5351643.301360992-991829.0865447877i              8863943.313998882
0                         5.122042016630905E-7     2.1271907331504992E-7    5040835.126107377-946564.7597990346i              9007028.820825977
0                         4.786782271399676E-7     3.345049319927811E-7     7585420.423389373+627084.0645901954i              1.0816609964905905E7
6.6174449004242214E-24    9.170441589635832E-7     1.3913097951325565E-7    -273810.7307633208-3117122.0832253387i            9595629.6292519
1.6543612251060553E-23    8.840109665589397E-7     1.555873715367559E-7     25038.526350374534-3457657.4505895986i            9702196.919977365
0                         7.191376553515902E-7     1.6671927879709242E-7    2208471.5269708345-3582686.340373922i             8796945.59239584
-6.6174449004242214E-24   8.582082660181202E-7     2.0329463399612063E-7    783325.3332036348-4439892.068114663i              1.1098647410932E7
1.9852334701272664E-23    9.168045775200016E-7     1.838839511341664E-7     -754548.7875706922-3981069.9450311423i            1.0876043662833536E7
-1.3234889800848443E-23   8.947124546920311E-7     2.1609288361610416E-7    -101873.50687070892-4771181.2045131195i           1.1769623929400796E7
5.293955920339377E-23     1.2144320308462883E-6    1.3163477256883595E-7    -1834009.5555401742-331460.30316642614i           7392585.799859221
0                         1.2144320308462883E-6    4.4572366844655277E-7    -4762517.191379725-1187801.6735299185i            1.4109110878211292E7
-6.6174449004242214E-24   1.2047294125653607E-7    -5.4177059992643494E-8   -1351199.517000666+73784.39550659148i             3612401.1587811126
0                         2.429292671279745E-7     5.948826477865517E-8     1243009.465869066+277727.52674828895i             6131020.750227337
6.6174449004242214E-24    0                        4.436886207510373E-8     752755.2374510142+707695.1278816113i              1604936.3259906892
6.6174449004242214E-24    5.812045785468935E-8     -2.552427027151395E-9    86745.2529137069-131548.9751522888i               1553339.4844625224
6.6174449004242214E-24    0                        -4.436886207510373E-8    -435861.2721651655-1115810.4026772373i            1269722.1513667593
0                         7.655579962140228E-8     6.542684884060526E-8     1421575.964515987+891604.5028897927i              2905178.7937455103
0                         6.866435007000858E-7     -1.0938876761640242E-7   -1720148.084514077+2122359.4953164607i            6507162.889745704
0                         4.771927731982387E-7     3.36489827235441E-7      7659406.747987921+720257.0325619593i              1.1097187809805354E7
3.3087224502121107E-24    4.0481067694876277E-7    4.457236684465527E-7     8522122.616339525+3263681.213026468i              1.299339758151659E7
0                         6.651249287303628E-7     1.6790702109120413E-7    2771229.958328046-3271076.4429708864i             8485116.976902548
4.1359030627651384E-25    4.867723564772883E-7     3.418091714985628E-7     7590128.033762302+436259.51354638155i             1.0724552304487841E7
-6.6174449004242214E-24   6.136729525580642E-7     4.457236684465528E-7     5764342.1318822205-3652096.3514456465i            1.270970445010156E7
0                         6.881616988740355E-7     3.978295959370143E-7     3944683.415628571-5115530.386253171i              1.322362714400661E7
6.6174449004242214E-24    6.594171668704033E-7     4.457236684465528E-7     4565766.416094094-4788542.421460774i              1.3222069836069213E7
6.6174449004242214E-24    6.400077995513397E-7     4.145395176181685E-7     4929900.254051847-4360285.148342745i              1.298802682076944E7
6.6174449004242214E-24    7.115433440389337E-7     4.457236684465528E-7     3048507.3150443947-5395176.459478632i             1.395046551260196E7
0                         6.653123572430028E-7     1.7967980069664388E-7    2862825.0176454578-3431748.9100192054i            8818485.209608266
6.6174449004242214E-24    7.079823640439226E-7     3.146782694854729E-7     3009701.6612405735-5555645.27041703i              1.2942746128677225E7
0                         8.518735131742948E-7     4.457236684465527E-7     268376.71458963444-6674635.077213094i             1.6006566107301617E7
0                         7.868661569218205E-7     3.7218715107475933E-7    2077820.2963215313-5957356.318162074i             1.45865389150173E7
-3.3087224502121107E-24   3.713163589710846E-7     2.28719275193699E-8      101696.7450664234-157745.95053630206i             8088662.046675761
0                         3.258812924319995E-7     4.569473248067654E-8     -535983.2960609508-1586489.464744259i             8147665.402264691
3.3087224502121107E-24    3.341587528859366E-7     2.3248404524220318E-23   -80155.02792178324-24743.833662336037i            8961609.944776116
0                         3.67742134455443E-7      -2.622766939059858E-9    72494.58561749963+20958.28616733487i              7907708.74292873
-3.3087224502121107E-24   4.0481067694876277E-7    -2.908572125757574E-8    -162692.2485693963+130203.20665835262i            7268827.793158956
1.6543612251060553E-24    3.349284580711162E-7     -4.838043261769996E-8    568500.5014028791+1610412.1405540605i             7845490.214799799
8.271806125530277E-25     3.251713317899763E-7     -4.5402139950156244E-8   575560.8515192536+1545926.9691850105i             8155776.567315599
0                         3.2584904163317056E-7    5.4761703028297576E-8    -838825.3076157088-1649848.6294434112i            7776420.926262642
0                         3.24970696555981E-7      5.0869258428683064E-8    -829582.230277331-1648037.1583939884i             7845577.434562966
0                         3.221038368927431E-7     5.584714369209338E-8     -970694.5454304987-1826777.0347003744i            7822056.001285813
0                         3.905486564586962E-7     1.5070927513429238E-7    1238900.0497151306-176174.6082282872i             6930027.766090127
-1.6543612251060553E-24   3.695278543888481E-7     1.425007216743512E-7     937732.4620650229-448845.8611138166i              6562754.906555063
-3.3087224502121107E-24   2.951442792554136E-7     1.024258598957873E-7     -456975.44467920624-2069221.8388928855i           5465825.0894576
0                         4.0481067694876277E-7    5.720766611629198E-8     263876.7889898416-180839.77884166987i             7123113.581014685
-8.271806125530277E-25    3.3156828818064024E-7    5.3161048325825355E-8    -566943.9176269516-1499642.033416675i             7772281.140160809
-3.3087224502121107E-24   3.538787295229262E-7     -1.2398315886083805E-7   -361891.67410633236+1225250.8132068021i           6444748.802258821
0                         4.0481067694876277E-7    -1.2247503680099905E-7   -870546.2914952114+163715.25140936815i            6199359.119039423
8.271806125530277E-25     3.3638825816599775E-7    -6.395905135374167E-8    588936.9601221851+1463482.1268783354i             7653514.370389867
0                         3.182396563385692E-7     -6.343381124083152E-8    916109.0179634942+1750522.174991124i              7556189.956792191
3.3087224502121107E-24    2.873933361043472E-7     -1.114077343861201E-7    468062.5959890418+2071302.4672802873i             5089627.935884732
-3.3087224502121107E-24   3.015852552501473E-7     -1.6685527697298306E-7   -728798.7773706141+173222.15772690723i            6161140.738184666
0                         3.232695709983424E-7     -5.53045889386516E-8     895643.9478911072+1650667.716554871i              7922454.271757464
-3.3087224502121107E-24   2.623301555560212E-7     -1.838422404158222E-7    -1321021.5871774007-66709.97162197197i            4473641.522982788
0                         2.1845653395423077E-7    -1.6518554386307116E-7   -980816.4402447465+66764.12700512384i             2381182.474337095
3.3087224502121107E-24    2.4663417250518805E-7    -1.4426116112124456E-7   -439709.56488685333+1486327.4215020258i           3369452.752279889
-3.3087224502121107E-24   3.0650930569558767E-7    -2.1794848318051102E-7   -1682758.7541938678+117449.54855541668i           7521280.589534226
3.3087224502121107E-24    2.470772530883222E-7     -2.3543370847644549E-7   -1730944.0579411136-1678439.6530045064i           5721112.464661465
0                         2.2069103669620642E-7    -2.2885546097923546E-7   -1619739.9483412732-1679392.673623393i            4703675.41389316
8.271806125530277E-25     1.9445774481720757E-7    -2.8327782105937676E-7   -102502.31744040248-4552132.7009670185i           7064250.122118237
0                         1.183621861921214E-7     -2.078816710009919E-7    -2346743.468477809-3920646.0559864854i            5135989.351718284
-1.0339757656912846E-25   1.1513907745767914E-7    -2.0461885748524736E-7   -2542270.0759112206-3887871.5415901304i           5194640.746983411
0                         3.0257191062034473E-7    1.576897610256885E-7     763304.8298989917-1538980.1625984376i             6344945.461976683
0                         2.1731686092286983E-7    1.7520511471491508E-7    1231718.358171126+503863.9480107454i              2774897.6109733493
-3.3087224502121107E-24   3.111376090332974E-7     2.2109966464668137E-7    1848194.04902656+378765.83828566206i              7032813.628372978
0                         2.1590675670731769E-7    1.6443578411235084E-7    654740.1608573907+594961.4858268583i              2578798.8776766434
-1.6543612251060553E-24   3.7398138207890795E-7    1.7497596113962513E-7    1312222.5642574383-478351.4786787703i             6939790.262411469
8.271806125530277E-25     2.0848700466590606E-7    1.7050596155886884E-7    962917.2467146261+979449.7058809862i              3283265.8726969645
0                         1.610450647624651E-7     -3.1113300659520074E-7   1431342.5131671424-6765588.624738619i             9726619.04379892
0                         1.1244237034527167E-7    -2.0569679271964817E-7   -2723750.3665652545-4115739.660318911i            5274134.737637426
0                         1.5542147801101528E-7    -3.257577205699684E-7    1764464.0953715623-6902935.209119572i             1.0387751315489946E7
0                         1.1210284432675364E-7    -2.0657976494489885E-7   -2825172.683004732-4499732.047391772i             5610081.717107325
0                         0                        -3.3208373856121613E-7   4115584.3951675803-1.0435188408201218E7i          1.1240329191846382E7
-1.0587911840678754E-22   0                        -2.184438086758795E-7    -2467025.949001709-6665866.906168355i             7149094.364827203
0                         1.114934002831982E-7     -2.0583860403134034E-7   -2719893.3327125884-4669365.530697269i            5697835.868614808
-8.271806125530277E-25    2.043848287327706E-7     3.01824057255159E-7      425565.94526651595+5135512.56708605i              8029047.221582163
0                         9.901265081548767E-8     2.086243933096728E-7     2970437.100758031+4848496.227413525i              5988592.178231978
8.271806125530277E-25     2.040893509695161E-7     1.7271580831706605E-7    860319.5330011413+1842565.4178970624i             3464174.9285325264
8.271806125530277E-25     2.0806462318456905E-7    1.7420550492035314E-7    910452.4717252441+1247509.0795634333i             3383292.603424416
-8.271806125530277E-25    2.0890160161240936E-7    3.0351667623886993E-7    641288.6810761067+4773997.527299916i              7934482.775312808
-8.271806125530277E-25    2.0375301438726548E-7    3.067090812444527E-7     234425.13218793552+5309468.057034696i             8281839.771300774
-1.0339757656912846E-25   9.89591295183069E-8      2.0903820604204621E-7    2691134.9489390245+5082086.432955044i             6030211.025351917
-1.0339757656912846E-25   9.844532377288113E-8     2.0870917300429743E-7    2567929.2552374955+5337383.025517459i             6189179.8039998235
-1.0587911840678754E-22   0                        2.1844380867587958E-7    2733864.268001939+6627267.247696163i              7169846.644246675
0                         9.688521219864761E-8     3.184452727390873E-7     -2497574.74633257+8936247.77305175i               1.0191146883548817E7
0                         9.940305354074083E-8     3.2005765833954787E-7    -2204142.4325562036+8575165.594431698i            9706613.902727565
1.6543612251060553E-24    2.975031488633426E-7     -2.9339614738355517E-7   -1637574.6185985943-1664962.6705216318i           8114729.089809972
6.6174449004242214E-24    2.917936601563077E-7     -3.1736775741026994E-7   -1505633.9063136568-2265483.854765314i            8489240.273426421
0                         3.1858335174886756E-7    -3.122210637167122E-7    -1683517.7140437537-1469588.4974119621i           7923370.713124867
3.3087224502121107E-24    3.005644256617372E-7     -3.2556268764508506E-7   -1449487.6637032938-2237385.8935229722i           8264080.007905239
4.963083675318166E-24     2.889914814077966E-7     -3.3208997454653474E-7   -1152290.998531304-2557899.8303996352i            8699947.733291851
1.6543612251060553E-24    3.005211138875588E-7     -4.339063223617766E-7    -207758.4938845397-3145315.2996932515i            9348311.051578844
1.6543612251060553E-24    3.040417081880036E-7     -4.457236684465528E-7    -369386.91500678984-3046633.1836237395i           9329415.706989167
3.3087224502121107E-24    3.1575663290721403E-7    -4.457236684465528E-7    -777748.3535449529-2730674.6556655434i            9010528.994602406
1.6543612251060553E-24    3.1493360207967284E-7    -4.239959674058959E-7    -835963.3665454946-2577177.767010764i             8788617.025222262
1.6543612251060553E-24    3.555500665578169E-7     -4.4572366844655277E-7   -1291533.6825005363-1659121.851347195i            8712245.319677258
0                         2.1400389587682244E-7    -4.457236684465527E-7    1972025.2068895928-5393467.927429095i             8932198.706631966
0                         2.1611376013759174E-7    -4.1265784208138033E-7   1713739.1888837973-5224908.656890044i             8815450.016667161
3.3087224502121107E-24    4.0481067694876277E-7    -7.106334885445178E-8    -302926.31365418073+125262.60737262142i           7031766.004513623
0                         4.0481067694876277E-7    2.3721473678056144E-8    150941.53663325953-189029.20019676097i            7302140.883331336
6.6174449004242214E-24    3.8331229340881396E-7    -3.394459883762836E-7    -1327119.7201630333-1569325.0038878939i           8632336.144627897
-1.6543612251060553E-24   4.0481067694876277E-7    -3.9919901680121826E-7   -1460546.2433448099-771144.0750133757i            8620656.819111979
-3.3087224502121107E-24   4.048106769487627E-7     -3.4115748411427057E-7   -1421372.4342706928-419615.0934359501i            8116553.776666626
-3.3087224502121107E-24   4.0481067694876277E-7    -3.1657404149144293E-7   -1601808.0486835195-557592.4210420089i            7982802.404822481
0                         3.624841859934109E-7     -2.1742384376173693E-7   -1453355.7707269052-576208.7617782509i            7126143.159901327
0                         4.0481067694876277E-7    -2.491234228295679E-7    -1407398.4626944454-214634.08472974124i           6916201.507270947
-3.3087224502121107E-24   4.0481067694876277E-7    -2.218305523870462E-7    -1219410.3898335514-64366.472360575266i           6691989.424077043
0                         4.0481067694876277E-7    -1.847936517365227E-7    -1349298.2721690505+117562.38120604113i           6923397.912117697
3.3087224502121107E-24    4.0481067694876277E-7    -4.457236684465527E-7    -1451165.8650237042-1037801.3468733832i           9119747.274524974
0                         4.0481067694876277E-7    1.360940974810027E-7     1073144.6631349234+152274.63467146817i            6378463.694474836
0                         2.2749097318003724E-7    -2.457370449823213E-7    -1812817.3959942039-2021088.2183914888i           5423273.953586154
-3.3087224502121107E-24   2.3413233341041154E-7    -2.543701145832266E-7    -1743735.8678614444-2355636.2197524514i           5735044.496709628
-8.271806125530277E-25    2.3440395028456402E-7    -3.2236736814764417E-7   -116607.14821723352-4020863.3656731276i           8516621.852883643
0                         1.5993522287077374E-7    -3.380866968469554E-7    2107731.64849938-6943936.617756592i               1.0714949833093628E7
0                         1.6759313036861802E-7    -3.2612549477155674E-7   1623622.6929642595-6343013.416786213i             9878474.58180594
0                         1.8911699668253973E-7    -4.419077192662658E-7    2701986.9101386517-6246986.491516309i             9542158.605782416
0                         1.8667391565649347E-7    -4.457236684465527E-7    3101658.927723533-6753813.952660676i              1.0099364026096724E7
0                         1.913342646905239E-7     -4.457236684465527E-7    2729812.775121446-6342387.211144817i              9690922.540742371
-1.6543612251060553E-24   1.396310857758312E-7     -3.5782484311461526E-7   2553091.079378723-7365195.727772439i              8685671.119714936
-3.3087224502121107E-24   7.611575413599851E-8     -4.457236684465527E-7    6066596.834519871-8899695.712681204i              1.1322990816607825E7
8.271806125530277E-25     1.7748454918846015E-7    -4.457236684465527E-7    3435648.24886526-6700277.534490208i               9198711.10331912
0                         0                        -4.4572366844655277E-7   7739158.652189043-1.0971659565123815E7i           1.3430777345494105E7
3.3087224502121107E-24    3.2009757832018636E-7    3.2677928377364126E-7    1711118.0391123432+1755311.9700947406i            8177691.8658449715
-3.3087224502121107E-24   3.0619600246222623E-7    3.3486896995387694E-7    1497268.545277444+2398483.339237328i              8586207.485908266
-4.963083675318166E-24    3.0383053908689365E-7    3.1660022825710494E-7    1696646.3408331815+2075683.828188731i             8412067.86518524
-8.271806125530277E-25    2.192539704550321E-7     2.947657511655832E-7     705950.5039397064+4235990.629088723i              7164121.900824497
0                         2.3837125222619716E-7    3.146040095279286E-7     566543.8919006208+4025808.4395940853i             7849083.759869764
-3.3087224502121107E-24   2.987758188315725E-7     3.49862275930646E-7      1123096.3281952643+2666154.6832014597i            8930003.68506717
3.3087224502121107E-24    4.0481067694876277E-7    1.622613169736564E-7     1229227.8335887243-16316.960723805416i            6910508.075838082
6.6174449004242214E-24    3.7922861640659704E-7    2.5872567663945717E-7    1432657.437064241+1042570.5346638223i             7796591.176238634
0                         4.0481067694876277E-7    2.5753493727551003E-7    1225794.521533431+259040.06859331377i             7371258.47008493
0                         4.0481067694876277E-7    2.0714308067700738E-7    1212898.1051567737-119582.69439297583i            7109609.726995439
0                         4.048106769487628E-7     2.79063042588469E-7      1434484.3994064126+333508.0347993136i             7461363.953377262
3.3087224502121107E-24    4.0481067694876277E-7    3.379968755225224E-7     1547397.172486756+539462.1444321418i              8177248.581298663
-3.3087224502121107E-24   3.784650435248287E-7     3.533711258179332E-7     1181306.2323618177+1793436.041677058i             8872710.33200104
-3.3087224502121107E-24   4.0481067694876277E-7    3.6038578813905066E-7    1461735.9985025954+628984.1678170161i             8202761.076364964
8.271806125530277E-25     2.1870583030792516E-7    4.1491011538750973E-7    -1638721.8995583348+5266738.517656979i            8871549.51989222
3.3087224502121107E-24    3.3029999519553334E-7    4.308186424710969E-7     1208732.2961897738+1966871.3711263062i            8416047.025157548
0                         3.157566329072141E-7     4.4572366844655277E-7    928818.4931207668+2732360.242293253i              8981860.260420715
0                         3.555500665578171E-7     4.457236684465527E-7     1300512.324420964+1666681.0842789896i             8733027.526021924
0                         2.140038958768217E-7     4.4572366844655277E-7    -1943900.7548571865+5343908.684486811i            8986049.093815409
-1.6543612251060553E-24   3.040417081880036E-7     4.4572366844655277E-7    247508.66135583163+3148983.110208176i             9304940.360216238
-6.6174449004242214E-24   3.1346570626984056E-7    4.252272709540098E-7     863124.2988840485+2710351.5873774453i             8889468.786967238
0                         4.0481067694876277E-7    4.099925578214459E-7     1559644.8658236032+916440.2815432318i             8868348.972965892
-8.271806125530277E-25    2.0391193386512348E-7    3.133088118671505E-7     -54157.222412109375+5472467.780153395i            8449525.831175175
0                         1.866739156564935E-7     4.4572366844655277E-7    -2986779.26182083+6583022.4300655825i             9919775.787101153
0                         9.946902311506326E-8     3.227972936925604E-7     -2542251.3517021253+8733438.061558198i            9961046.55233774
1.0587911840678754E-22    0                        3.320837385612162E-7     -3822878.4699110733+1.0304804305762647E7i         1.099502206069438E7
0                         9.754913313934993E-8     3.27493234507198E-7      -2704292.876402014+8892104.078094896i             9742670.41139496
3.3087224502121107E-24    7.611575413599854E-8     4.457236684465528E-7     -6095482.739195321+8899736.598982878i             1.13476468512881E7
0                         1.7748454918846047E-7    4.4572366844655277E-7    -3435648.248865248+6700277.534490227i             9197031.934555415
0                         0                        4.4572366844655277E-7    -7739158.6521890145+1.097165956512384E7i          1.3430777345494106E7
-8.271806125530277E-25    2.101473059029679E-7     3.08022941317334E-7      -124775.21605382794+5400695.6105016405i           8634468.329625478
0                         1.9134251536632702E-7    4.4176598740277313E-7    -2614205.9258624893+6228640.222666339i            9342559.108580843
3.3087224502121107E-24    4.0481067694876277E-7    4.457236684465527E-7     1451165.8650237084+1037801.346873392i             9134552.893812831
0                         1.913342646905238E-7     4.4572366844655277E-7    -2729812.7751214365+6342387.211144837i            9674223.453724265
0                         9.688521219864761E-8     3.206212832158238E-7     -2566819.5449203984+9015082.850556275i            1.0244543359334476E7
