% Model:              omc_unitcell_iso.mph
% Version:            COMSOL 6.2.0.658
% Date:               Jul 1 2026, 12:28
% Dimension:          3
% Nodes:              305
% Expressions:        2
% Description:        Electric field, y-component, Electric field norm
% Length unit:        m
% X                       Y                        Z                        ewfd.Ey (V/m) @ lambda=1E-12                      ewfd.normE (V/m) @ lambda=1E-12
-3.3087224502121107E-24   3.11640147700064E-7      -1.1976618988071797E-8   3702179.6767193074+5205579.984457379i             3.043985538375394E7
8.271806125530277E-25     3.251713317899763E-7     -4.5402139950156244E-8   8674950.527361637-2857204.933521187i              2.3805294476410013E7
3.3087224502121107E-24    3.341587528859366E-7     2.3248404524220318E-23   -4924929.10056209+4378574.341169859i              1.9494098085829373E7
3.3087224502121107E-24    2.1377803373446657E-7    -8.98969548131277E-8     -2411858.9655978302-948234.1789904684i            2.9839516538583405E7
3.3087224502121107E-24    2.873933361043472E-7     -1.114077343861201E-7    -2148872.827938447-4788462.954438461i             2.084551351704091E7
0                         3.182396563385692E-7     -6.343381124083152E-8    2410831.6664190805-6793549.537444753i             2.3576115438839223E7
-1.6543612251060553E-24   1.99411942363288E-7      -1.1418858509067949E-7   -1403674.9917397166-1.0115701028303705E7i         4.364598314181245E7
0                         2.1845653395423077E-7    -1.6518554386307116E-7   -9414638.99612196-8258959.694498616i              2.833681701634144E7
3.3087224502121107E-24    2.4663417250518805E-7    -1.4426116112124456E-7   -1.4781468936045473E7-3632783.194641078i          2.5951177501508042E7
-1.0339757656912846E-25   1.1513907745767914E-7    -2.0461885748524736E-7   -5302916.358873163-453625.5772081795i             3.1870703535000205E7
4.1359030627651384E-25    2.5720174943636357E-7    5.1192065844283316E-8    5948016.376595532-5400473.20942265i               3.0023078232522216E7
0                         2.538559103127853E-7     5.584570174921412E-8     1.2947671766339304E7+3762860.525953414i           3.779491451677458E7
0                         3.24970696555981E-7      5.0869258428683064E-8    -1.5851945384749483E7+5281555.302744307i          3.040882883459463E7
0                         3.258812924319995E-7     4.569473248067654E-8     -1.4150380029221196E7+7014981.778625144i          2.900882195698361E7
-3.3087224502121107E-24   2.951442792554136E-7     1.024258598957873E-7     -1.3358129864646887E7+1.6302690743021352E7i       4.2615271330254E7
0                         3.221038368927431E-7     5.584714369209338E-8     -1.54777146285256E7+7587381.929587362i            2.9186499290684238E7
0                         2.5315329523993733E-7    6.001853845885086E-8     1.026716961995155E7-9307081.500325972i            3.519559912605084E7
0                         2.5085145295922413E-7    5.462592438847495E-8     1.360873763840181E7-4025384.425933556i            3.704157306508746E7
-1.6543612251060553E-24   1.8936295177487544E-7    -5.345153217925148E-8    2223630.5275248108-5459355.573168727i             3.8094887806096725E7
0                         3.0382501758412077E-7    -4.485991782714857E-8    3175216.1225478547-2671489.424573333i             2.3979361973281063E7
0                         3.232695709983424E-7     -5.53045889386516E-8     7719694.751002427-5289422.607514935i              2.839092283062683E7
3.3087224502121107E-24    2.3887937212247125E-7    -7.0981566033776E-9      -7502931.413928449+2718588.326342687i             3.185366567404995E7
0                         2.1590675670731769E-7    1.6443578411235084E-7    3997884.5810107994-5091843.037105034i             3.829384243651282E7
8.271806125530277E-25     2.0626333866638028E-7    1.6851892779815737E-7    2693785.986508796-1.1075403678337524E7i           3.48378151214227E7
8.271806125530277E-25     2.478102917674804E-7     5.7999085052770066E-8    4676919.39609589-6025590.6343636755i              3.0341004358858295E7
8.271806125530277E-25     2.0848700466590606E-7    1.7050596155886884E-7    6787133.174419119-2.2100131037757806E7i           4.482748560639705E7
3.3087224502121107E-24    1.8845011221180134E-7    -7.933319908910908E-8    -4406391.796439756-1.6220517953819064E7i          4.4545403725045286E7
-1.0587911840678754E-22   0                        -2.184438086758795E-7    -157601.24388964256+1.265749268781996E7i          1.745277123723865E7
6.6174449004242214E-24    7.412316040165247E-8     -9.059081845819273E-8    1433826.6519726028+9830261.69463799i              3.861023321624441E7
0                         1.1222187758084808E-7    -2.0359382100811807E-7   -3303049.911687316+3855585.797525581i             2.4735927702967208E7
-1.6543612251060553E-24   1.6148098076991665E-7    -8.194116355486126E-8    5297282.891688141-6262562.3633594215i             5.229569420853013E7
0                         1.1244237034527167E-7    -2.0569679271964817E-7   -6819740.480271107+4262047.515868881i             1.7829271850785203E7
0                         1.114934002831982E-7     -2.0583860403134034E-7   -6454648.616119983+2510784.7813862055i            2.369402089774879E7
0                         2.0046547469079038E-7    1.684949217441033E-7     624769.2135888626+3366839.666048684i              3.1025380005711507E7
-3.3087224502121107E-24   1.1811756029585402E-7    1.0937180041687409E-7    -9770482.964056382-5764329.168248705i             3.88264609780395E7
0                         9.892122696120922E-8     2.0811770775040243E-7    928955.3577447342+6965258.670556511i              2.176663562885183E7
-1.0587911840678754E-22   0                        2.1844380867587958E-7    1.2269821429678395E7+4768386.831157917i           3.1612870005060747E7
8.271806125530277E-25     2.040893509695161E-7     1.7271580831706605E-7    4408943.783044324-1.185724392785301E7i            2.6760058227560956E7
0                         9.901265081548767E-8     2.086243933096728E-7     1423746.2471319726+7256327.465315379i             1.6859531774163224E7
-1.0339757656912846E-25   9.844532377288113E-8     2.0870917300429743E-7    -599511.7485409214+5953366.524208624i             1.460205108183804E7
0                         4.3156852068532967E-7    -9.441573109727262E-8    -6064681.154626586-8794257.248120567i             4.0028765276698895E7
3.3087224502121107E-24    4.0481067694876277E-7    -7.106334885445178E-8    -8733370.291498328-8634753.583497314i             3.2951891901310664E7
0                         4.0481067694876277E-7    -1.2247503680099905E-7   3821966.7062178752+2411443.5426802617i            3.564239236417899E7
3.3087224502121107E-24    4.2236659387354457E-7    -3.3156600261566373E-7   1854545.8303768977+1.5752352895050932E7i          4.176580944825762E7
-3.3087224502121107E-24   4.0481067694876277E-7    -3.1657404149144293E-7   -1592144.3329462956+1.7833048231449094E7i         3.194710516073523E7
-3.3087224502121107E-24   4.048106769487627E-7     -3.4115748411427057E-7   5650089.734013188+2.4160642494071368E7i           3.98216897209691E7
0                         4.502508420350996E-7     -2.9324605695653366E-7   -8325567.363186343-1302250.5928578703i            4.0207527345384076E7
0                         4.561468564307357E-7     -2.3347254581814542E-7   2474457.5469020954-4038714.8068933673i            2.7978992830674585E7
-3.3087224502121107E-24   4.0481067694876277E-7    -2.218305523870462E-7    7935676.717053452-4802751.362088621i              2.191959337955167E7
0                         4.0481067694876277E-7    -2.491234228295679E-7    4940998.481587421+6833644.762443954i              2.204318254684799E7
0                         4.0481067694876277E-7    -1.847936517365227E-7    9453168.801771795+1797628.6970794846i             2.1025031438988112E7
0                         4.997136481438985E-7     -5.4578163674120465E-8   -1377930.2469452226+7036992.471134489i            3.452087794092562E7
3.3087224502121107E-24    4.489461804632103E-7     -5.6775778379933294E-8   -96726.44037674293+194510.76402414628i            4.770541680408267E7
3.3087224502121107E-24    4.4989759452706147E-7    -1.6556817874517087E-8   -2193195.4984570127+4879871.0040823985i           3.311414217786155E7
3.3087224502121107E-24    5.064721380278715E-7     -9.25383604059818E-8     1.0893564739135107E7+6701998.826750947i           3.1755612407933086E7
-3.3087224502121107E-24   4.814698782554942E-7     -7.107843754157303E-8    8171245.327709777+1.1030247219027603E7i           4.4053076692198694E7
0                         4.0481067694876277E-7    2.3721473678056144E-8    -7152622.218403743+3186778.2441185783i            2.657924796153195E7
-3.3087224502121107E-24   4.0481067694876277E-7    -2.908572125757574E-8    -2207356.216600306-1.8828738787924983E7i          3.925701906017298E7
0                         4.375981764020514E-7     -1.443441900957181E-7    1.0009859875698473E7+5334924.628516854i           3.3227375438165627E7
-3.3087224502121107E-24   4.993313195216967E-7     -2.159181114847459E-7    2907233.5339685217-2390219.1958027678i            3.3067066095498633E7
0                         5.165759812286529E-7     -1.5276612097377223E-7   148468.40686999183+4368787.117719793i             2.685208764154641E7
0                         4.777461392223046E-7     -1.1661254719235383E-7   -3507102.727973664+395824.0021036989i             3.833021628392522E7
1.6543612251060553E-24    6.117018165168023E-7     -2.3743763663215706E-7   -1.584039838155077E7-4600249.4341633655i          4.1463298362999454E7
-1.6543612251060553E-24   4.569758984411236E-7     -3.472823263841108E-7    -1450530.5570235355+339695.8232830872i            4.004572305019761E7
-1.6543612251060553E-24   4.0481067694876277E-7    -3.9919901680121826E-7   -129312.47125811565+4701206.4295405755i           2.383171902618107E7
3.3087224502121107E-24    5.081525458428524E-7     -3.9970774983858666E-7   9600944.15112534-1542925.5031141303i              3.1102394254413765E7
3.3087224502121107E-24    4.962314594314798E-7     -4.457236684465527E-7    1.2058207157576885E7+9476648.404028228i           4.047567920129686E7
3.3087224502121107E-24    4.2957613825231527E-7    -4.457236684465527E-7    -3096000.400408344+189456.94876395413i            2.05367945935842E7
3.3087224502121107E-24    4.0481067694876277E-7    -4.457236684465527E-7    -1.0484241011454128E7+3821618.1931359335i         2.075632631340009E7
3.3087224502121107E-24    7.584990733679616E-7     -3.525345509788203E-7    1305448.9108830462-1.2867596575937387E7i          2.730592591872298E7
1.6543612251060553E-24    6.455923658273635E-7     -2.9779599197226205E-7   -3298356.8019324597-5963761.694157133i            2.4874551278832026E7
-1.3234889800848443E-23   6.594171668704031E-7     -4.457236684465528E-7    1072925.323603621-3718221.829988858i              3.213790582907237E7
0                         7.115433440389336E-7     -4.4572366844655277E-7   -1290528.599820863-7890885.444280057i             3.224432307825522E7
0                         6.13672952558064E-7      -4.457236684465528E-7    -3518790.2267788053-4344779.25974915i             4.406764227418479E7
0                         5.835703006909465E-7     -3.9683597509188217E-7   5768058.194341147+3580956.5709649324i             3.024356114373777E7
1.6543612251060553E-24    5.073206154392238E-7     1.6639490242751647E-8    -1447279.6414727443-5167287.538288457i            2.891420213597045E7
0                         4.872041077290517E-7     5.2308274107395806E-8    -6255.184112841031-2028479.4687526654i            2.9881285138314277E7
0                         4.0481067694876277E-7    1.360940974810027E-7     2571314.7152324608+5226305.978428103i             2.8275648628248468E7
0                         4.0481067694876277E-7    5.720766611629198E-8     4368761.566239511+2057805.978487006i              2.303869596650711E7
0                         4.862892861970411E-7     7.59710070016916E-8      2062679.4936601236-905661.3306687254i             2.827378202000954E7
6.6174449004242214E-24    1.7939660431371156E-7    5.0528916286388705E-9    1216196.5302289592-8274931.042964887i             2.9916977836049944E7
0                         2.459427215263416E-7     5.2736472453813216E-8    9667191.658029962+1410343.0699756378i             2.843710488998676E7
3.3087224502121107E-24    1.5707454531081041E-7    6.25005572267353E-8      -1.037145359982609E7-7085497.816980673i           2.7625215994188897E7
6.6174449004242214E-24    2.1433983851951722E-7    7.1700210684364934E-9    -1464123.604376894+2574371.960049491i             3.776571593799035E7
0                         2.49260976348461E-7      5.607337329607634E-8     1.2618214187533936E7-1.8730099332867734E7i        2.967706912540927E7
-1.3234889800848443E-23   6.246188711819906E-7     3.9309164022119866E-8    -1218838.5719359391-6841039.67723061i             3.831446869891606E7
0                         5.960440285226311E-7     2.988217108289382E-8     1.2292607275408108E7+2213575.230617815i           4.23608627705214E7
-1.6543612251060553E-24   5.631430720862984E-7     6.27649824210615E-8      2488777.3670217716+5054340.64004398i              3.479557292785656E7
-1.6543612251060553E-24   6.691471139469493E-7     -6.92448852235418E-8     6904480.1827012+4132765.326023502i                2.461887530287943E7
-1.6543612251060553E-24   4.4978337932055604E-7    1.5899387636454964E-7    73346.64993423608+6572202.388329638i              2.8860208637144424E7
0                         5.281021162220563E-7     1.0122790767266414E-7    -4905349.193097335-4651818.125660074i             2.421625638155931E7
0                         5.408635932871615E-7     1.6874223547965604E-7    883198.6764946624-9506559.136823166i              3.1819879283121932E7
0                         5.191967007498003E-7     7.363267056516884E-8     -1.099457198951157E7-2101029.605297049i           2.067458885338589E7
0                         1.2144320308462883E-6    -4.4572366844655277E-7   -649300.6783758828+48551.59905143734i             3.650336425705693E7
0                         9.711902279227485E-7     -1.706099099539873E-7    1.0495968734221388E7-6343762.086749901i           3.3412989688280366E7
5.790264287871194E-24     9.829586933867662E-7     -1.6127963750351202E-7   1.652200854495359E7-8476189.187121453i            4.255550101320208E7
1.3234889800848443E-23    1.214432030846288E-6     -1.0860767275448962E-7   -6583504.810406024+7872709.058888322i             1.6445492422589779E7
1.3234889800848443E-23    9.682376450528536E-7     -1.6514818570509336E-7   -2660964.8226029547-4803978.3863540385i           3.405970182028965E7
1.406207041340147E-23     9.726521862409165E-7     -1.6285283285125584E-7   4008950.2364444584-4531869.841194043i             4.103612179824327E7
1.6543612251060553E-24    9.626704923717386E-7     -1.6119038765285642E-7   -1.36904008432232E7+4810013.290369171i            3.474937470025944E7
1.6543612251060553E-24    9.754909361905512E-7     -1.5889962744497584E-7   -1170807.4128309817-2844153.369397912i            3.9955993379562765E7
8.271806125530277E-25     9.387796828040267E-7     -1.92233150566557E-7     -1700673.3854448039+429441.77923987154i           3.31324881045904E7
6.6174449004242214E-24    8.550869066977325E-7     -3.054656588009247E-8    -4489124.467396985-1071835.0770860014i            3.2187052931964982E7
-6.6174449004242214E-24   7.891679577345008E-7     -7.479479087737868E-8    2734943.672385259-3139562.457336513i              2.607792883260541E7
1.3234889800848443E-23    7.97048117412347E-7      -6.302097202391355E-9    -3247689.604644646+182970.06608127692i            3.3321883344129764E7
6.6174449004242214E-24    7.520580860383995E-7     -1.3288742342409566E-8   -6592966.888696518+6284293.725476734i             3.7619958682562366E7
0                         7.054127686436632E-7     -1.0157113773708578E-7   565046.1854149591+3747486.820137883i              1.803020816329373E7
3.3087224502121107E-24    5.052561387145081E-7     -2.446466948904555E-7    -229169.5193677841-5458205.948751179i             4.455465599318533E7
0                         6.247238596707543E-7     -2.5434599037638164E-7   -7565431.250796259+1509177.17814714i              4.2303297485633485E7
0                         5.214366592560964E-7     -3.381466525268136E-7    1.6101825895182926E7+1233275.600790944i           4.46894325244541E7
-1.6543612251060553E-24   6.30222716919134E-7      -2.3418625134157275E-7   -1.316567054192385E7-799010.3602031365i           3.716306298166348E7
6.6174449004242214E-24    5.576046715284379E-7     -1.2432629581684775E-7   7797956.399880374-303586.396908319i               2.7892213916733067E7
0                         5.49458049142369E-7      -5.2424835329014184E-8   1.223808115679174E7-8536312.669535916i            3.6921335897171915E7
-1.6543612251060553E-24   6.772966468641454E-7     -1.1254496970161925E-7   6016125.768224907+8211991.789274559i              2.378263415788409E7
0                         7.589645985661259E-7     -1.6652353284211032E-7   1447793.4989056154+1399968.9588575964i            3.2069403295999132E7
0                         7.894428415806573E-7     -2.946914164752046E-7    -5201724.177102303-771559.4876174631i             3.853927644599229E7
-1.6543612251060553E-24   6.480993456055181E-7     -2.4946320709047333E-7   8264286.017251544+8621362.42795103i               2.675825904626462E7
1.6543612251060553E-24    6.929039943739884E-7     -1.2131650012357304E-7   2349814.4456619723+3531093.892138277i             2.3668859369096432E7
1.6543612251060553E-24    6.387782450892036E-7     -2.640761444177972E-7    -2504823.358788067+2297856.3186879773i            2.704887202253289E7
0                         7.742683920110035E-7     -3.156157027512449E-7    1307955.3787749563-5295491.292150209i             3.2066914998816572E7
-3.3087224502121107E-24   5.495370825295924E-7     -3.5901745045618887E-7   1.781908842660341E7+1.3064610726399254E7i         4.092489346049107E7
0                         8.518735131742949E-7     -4.457236684465528E-7    1337009.835832057+7495680.284047793i              2.5812804588409908E7
0                         8.064277864561567E-7     -3.349980882823954E-7    -483655.2286321013-4867203.631032356i             2.849571260477971E7
-3.3087224502121107E-24   4.3658923736319153E-7    2.472402499771893E-7     -1547983.0677454816+8125010.571655173i            2.4972411221075114E7
0                         4.0481067694876277E-7    2.5753493727551003E-7    -1490831.247215394+1.0574424029522136E7i          2.4851022610464167E7
0                         4.0481067694876277E-7    2.0714308067700738E-7    8592080.13390688+8034940.0005872995i              2.0604052441524636E7
-2.6469779601696886E-23   7.245654816930181E-7     6.376431187878918E-8     -1.153869272501125E7-1.4485345482364275E7i        2.6224252394527577E7
0                         6.930442476933175E-7     5.100816087261462E-8     -3389475.2525712484+6711472.64265749i             3.2251484886563372E7
1.6543612251060553E-24    6.926043182087825E-7     -8.272410280721334E-8    8337195.525213843+5076958.350163716i              2.033355860636082E7
0                         4.048106769487628E-7     2.79063042588469E-7      -1.3690284664354451E7+1.134552015185393E7i        2.9331304039518893E7
3.3087224502121107E-24    4.0481067694876277E-7    3.379968755225224E-7     -1491335.0476781405-1.68109817189934E7i           2.1402072961843472E7
0                         4.7333691249732846E-7    3.3810438509062026E-7    -4585754.052721189+1.4899706222533269E7i          4.057162288167144E7
0                         4.7278923339143395E-7    3.314883455331893E-7     9692581.842595762+5180899.09266239i               4.2697888767599076E7
-3.3087224502121107E-24   4.0481067694876277E-7    3.6038578813905066E-7    3695427.9752302105-9500231.160751197i             2.3186196165710643E7
0                         4.0481067694876277E-7    4.099925578214459E-7     -1547092.490294657-1.0347313508591576E7i          2.9804712854583547E7
0                         6.509859582013704E-7     1.3255461462843295E-7    1.506160477881344E7+1.3336976765734347E7i         4.430139778168825E7
0                         6.705836698145423E-7     1.485399450120071E-7     3863716.7756817644+1.2135935330651099E7i          3.93663082098087E7
0                         6.578698432351904E-7     1.5991641382153506E-7    2.2813999725360684E7+2.122619622830191E7i         3.878448774663104E7
0                         6.410384686553871E-7     1.6274714920797545E-7    1.1603621527170748E7+1.6623102360501777E7i        4.5991826939359635E7
0                         4.788499947104467E-7     3.425026801200342E-7     -4046835.7428067587+6852478.594753127i            3.616331636241107E7
1.6543612251060553E-24    4.2957613825231527E-7    4.457236684465527E-7     2432329.847961694-7138954.835585569i              2.8230558882944483E7
0                         4.962314594314798E-7     4.457236684465528E-7     -1.2058207157576924E7-9476648.404028185i          3.4290295673064485E7
-6.6174449004242214E-24   5.643604176755028E-7     2.482016625425285E-7     3312634.447751818-9818338.756717192i              2.8724607349612907E7
0                         6.526453161246262E-7     1.8190332702945102E-7    1.1068417779429596E7+2.3124036248948146E7i        4.208110097323092E7
6.6174449004242214E-24    6.41117934249498E-7      2.923429392833327E-7     -6019686.362804608-3082522.118818427i             2.9480353706884064E7
-6.6174449004242214E-24   5.761765813329171E-7     2.9910786931305563E-7    -469772.37217238767-1045024.1355028858i           2.376213143345046E7
0                         4.820829262188099E-7     3.355042066868296E-7     1664604.172514667+2718382.7419323293i             3.383765050722561E7
0                         4.211107416564642E-7     1.7500732835666212E-7    -2775917.0027743806+5380113.998507658i            2.5345110559279807E7
3.3087224502121107E-24    4.0481067694876277E-7    1.622613169736564E-7     -330976.10817638086+8185379.651613184i            2.015671554861357E7
0                         5.122042016630905E-7     2.1271907331504992E-7    -7265404.584189949-4686835.246003194i             4.40448340494004E7
0                         4.786782271399676E-7     3.345049319927811E-7     1.2295517473533915E7+331344.97230482846i          3.0086230468461E7
6.6174449004242214E-24    9.170441589635832E-7     1.3913097951325565E-7    3538813.2751427265-8346550.341126313i             4.097976519791351E7
1.6543612251060553E-23    8.840109665589397E-7     1.555873715367559E-7     6583619.229184822-84185.36156347643i              2.996585378755999E7
0                         7.191376553515902E-7     1.6671927879709242E-7    -8691911.444828423-8159523.445031661i             3.2166437819086928E7
-6.6174449004242214E-24   8.582082660181202E-7     2.0329463399612063E-7    6663173.5596753135+1661560.3447265357i            3.180744278057323E7
1.9852334701272664E-23    9.168045775200016E-7     1.838839511341664E-7     1573423.4176218745-3035865.275188239i             4.289312029923088E7
-1.3234889800848443E-23   8.947124546920311E-7     2.1609288361610416E-7    -1.466811172770088E7-1011796.2039071834i          4.005535352174613E7
5.293955920339377E-23     1.2144320308462883E-6    1.3163477256883595E-7    -1.4770851871398468E7+6882677.56777559i           4.414986956101094E7
0                         1.2144320308462883E-6    4.4572366844655277E-7    1.2762396899715766E7+4842910.791961408i           2.914487679493254E7
-6.6174449004242214E-24   1.2047294125653607E-7    -5.4177059992643494E-8   -4128705.561378738+1.6750970009056017E7i          3.7921134731657416E7
0                         2.429292671279745E-7     5.948826477865517E-8     -4475802.121301179+1.1638872571169283E7i          3.108869206850405E7
6.6174449004242214E-24    0                        4.436886207510373E-8     1.2485302499004388E7+2612380.945952856i           2.1909765976769727E7
6.6174449004242214E-24    5.812045785468935E-8     -2.552427027151395E-9    3284273.7736542956+5943629.2802732745i            2.121409454489659E7
6.6174449004242214E-24    0                        -4.436886207510373E-8    7522333.283892757-1687642.1875411544i             1.4431712377287218E7
0                         7.655579962140228E-8     6.542684884060526E-8     868901.2070872694+2540577.159505683i              3.2341036966015488E7
0                         6.866435007000858E-7     -1.0938876761640242E-7   4924140.842575545+6974236.172259611i              2.0109351073559854E7
0                         4.771927731982387E-7     3.36489827235441E-7      4786714.882109715+9576588.241170924i              3.3106159929998867E7
3.3087224502121107E-24    4.0481067694876277E-7    4.457236684465527E-7     1.0484241011454117E7-3821618.19313596i            1.7147741394035116E7
0                         6.651249287303628E-7     1.6790702109120413E-7    5150310.032519417+1.2197847550553765E7i           3.464993650019671E7
4.1359030627651384E-25    4.867723564772883E-7     3.418091714985628E-7     -653948.3319979153-1.1292577429763913E7i          3.6161030000774235E7
-6.6174449004242214E-24   6.136729525580642E-7     4.457236684465528E-7     1664264.5325711526+6684307.564427626i             3.485540388798503E7
0                         6.881616988740355E-7     3.978295959370143E-7     8676119.713945216+5068481.420396537i              3.588841441594622E7
6.6174449004242214E-24    6.594171668704033E-7     4.457236684465528E-7     3566335.756484695+1.1244760399105998E7i           4.0561200839859515E7
6.6174449004242214E-24    6.400077995513397E-7     4.145395176181685E-7     4632128.106887429+1.619183371015853E7i            4.054149499903382E7
6.6174449004242214E-24    7.115433440389337E-7     4.457236684465528E-7     1290528.5998208774+7890885.444280049i             3.2858315694276355E7
0                         6.653123572430028E-7     1.7967980069664388E-7    -1158669.163180239+7901609.360323067i             3.656817979696005E7
6.6174449004242214E-24    7.079823640439226E-7     3.146782694854729E-7     -5827149.732978387+5223664.647614843i             3.3288046694992203E7
0                         8.518735131742948E-7     4.457236684465527E-7     2440808.293144802-7468861.169522043i              3.2559253712118823E7
0                         7.868661569218205E-7     3.7218715107475933E-7    5172398.791162546-6549346.430738543i              2.88964206425231E7
-3.3087224502121107E-24   3.713163589710846E-7     2.28719275193699E-8      1120506.869155155+2032887.2555294975i             3.422831036379052E7
0                         3.258812924319995E-7     4.569473248067654E-8     -1991046.056242476+5767717.301528785i             2.1764817773153882E7
3.3087224502121107E-24    3.341587528859366E-7     2.3248404524220318E-23   -6854109.323557514+5020109.452254611i             2.482033798646613E7
0                         3.67742134455443E-7      -2.622766939059858E-9    1273511.0044537582-38761.017717660405i            2.498015966585877E7
-3.3087224502121107E-24   4.0481067694876277E-7    -2.908572125757574E-8    -3408809.66349807+3150884.890740655i              2.8212127953348607E7
1.6543612251060553E-24    3.349284580711162E-7     -4.838043261769996E-8    7955562.323724292+1.955045730395705E7i            3.811607931374923E7
8.271806125530277E-25     3.251713317899763E-7     -4.5402139950156244E-8   8417004.276613556+3.5380820996492E7i              4.568634192905298E7
0                         3.2584904163317056E-7    5.4761703028297576E-8    -108640.18506591767-3488718.483738601i            2.1466978070540003E7
0                         3.24970696555981E-7      5.0869258428683064E-8    -1925403.4099893898+113558.29444300786i           2.359510823747879E7
0                         3.221038368927431E-7     5.584714369209338E-8     1177689.630434363-1.013286087010518E7i            2.2671424848582912E7
0                         3.905486564586962E-7     1.5070927513429238E-7    5767892.423330212+489961.7881668292i              2.718907702590887E7
-1.6543612251060553E-24   3.695278543888481E-7     1.425007216743512E-7     4809278.409263663-8806746.00369371i               3.1906690728711374E7
-3.3087224502121107E-24   2.951442792554136E-7     1.024258598957873E-7     1980534.1534299199-17062.909490440274i            3.045706543169087E7
0                         4.0481067694876277E-7    5.720766611629198E-8     7576100.442272489-5905961.986943349i              2.2438841507961575E7
-8.271806125530277E-25    3.3156828818064024E-7    5.3161048325825355E-8    -2377151.0922690937+2664491.017844931i            2.027250393958949E7
-3.3087224502121107E-24   3.538787295229262E-7     -1.2398315886083805E-7   -798.587077128794-1011214.0277424306i             2.2846699249731682E7
0                         4.0481067694876277E-7    -1.2247503680099905E-7   -3552270.951196125-5348896.1128911665i            1.8077135302668665E7
8.271806125530277E-25     3.3638825816599775E-7    -6.395905135374167E-8    6188993.148230016+7400532.597158137i              2.7578528661404114E7
0                         3.182396563385692E-7     -6.343381124083152E-8    7202967.873617793+7328005.813887709i              2.354550426619203E7
3.3087224502121107E-24    2.873933361043472E-7     -1.114077343861201E-7    1.0506526134886345E7+6098586.263922237i           2.5892836862422187E7
-3.3087224502121107E-24   3.015852552501473E-7     -1.6685527697298306E-7   -1424112.9777470573+4777030.655652863i            2.512910091620581E7
0                         3.232695709983424E-7     -5.53045889386516E-8     8930284.916927705+2.3945935886328306E7i           4.1357256143781744E7
-3.3087224502121107E-24   2.623301555560212E-7     -1.838422404158222E-7    -2418365.3561044047-3083818.8240883322i           2.0534872013445873E7
0                         2.1845653395423077E-7    -1.6518554386307116E-7   840470.0276566244+3225262.4167559114i             2.0813890919922E7
3.3087224502121107E-24    2.4663417250518805E-7    -1.4426116112124456E-7   -4499833.336964629-2085225.340590639i             1.6240768359974226E7
-3.3087224502121107E-24   3.0650930569558767E-7    -2.1794848318051102E-7   -3471087.6022691196-4973381.110525934i            3.090366153085524E7
3.3087224502121107E-24    2.470772530883222E-7     -2.3543370847644549E-7   -2021808.159014397+4812114.060071342i             2.8629445775470898E7
0                         2.2069103669620642E-7    -2.2885546097923546E-7   -5419310.580638344+1712062.3255886945i            2.1470076717861902E7
8.271806125530277E-25     1.9445774481720757E-7    -2.8327782105937676E-7   1080190.4608968103-2140012.793016996i             2.2931186932657186E7
0                         1.183621861921214E-7     -2.078816710009919E-7    -146067.63979243033+2547253.04067843i             1.5524607531473339E7
-1.0339757656912846E-25   1.1513907745767914E-7    -2.0461885748524736E-7   -1816641.7058384242+2247817.542996861i            1.767228221436109E7
0                         3.0257191062034473E-7    1.576897610256885E-7     4747279.474825356-4641425.648630759i              2.6574102327879637E7
0                         2.1731686092286983E-7    1.7520511471491508E-7    -1.1490750777814707E7+5543148.279780147i          2.8512986876000877E7
-3.3087224502121107E-24   3.111376090332974E-7     2.2109966464668137E-7    -197099.36529448637-2874171.091731947i            2.4280163340328548E7
0                         2.1590675670731769E-7    1.6443578411235084E-7    -1.322423891952723E7+7393455.877318595i           2.9067846640293725E7
-1.6543612251060553E-24   3.7398138207890795E-7    1.7497596113962513E-7    2585216.7207528763-3121859.3332055598i            2.3338685270702448E7
8.271806125530277E-25     2.0848700466590606E-7    1.7050596155886884E-7    -1.0940741670540573E7-31617.420190403547i         2.7059373963099297E7
0                         1.610450647624651E-7     -3.1113300659520074E-7   3409067.731960592-2326541.8035573894i             2.2917768186772577E7
0                         1.1244237034527167E-7    -2.0569679271964817E-7   -5597036.129457741+2584838.6186511423i            1.971360970520001E7
0                         1.5542147801101528E-7    -3.257577205699684E-7    -642873.5550098637-6893139.949050374i             2.3525429024472583E7
0                         1.1210284432675364E-7    -2.0657976494489885E-7   -6170202.871800827+3716746.3516388563i            2.9161973772726018E7
0                         0                        -3.3208373856121613E-7   3499025.188890922+2502927.2852436854i             1.6791777818265747E7
-1.0587911840678754E-22   0                        -2.184438086758795E-7    3453706.280297959+9314944.270008465i              1.0308335607043449E7
0                         1.114934002831982E-7     -2.0583860403134034E-7   -2323645.047773969+9564116.143730847i             3.1638158394954167E7
-8.271806125530277E-25    2.043848287327706E-7     3.01824057255159E-7      -1.6560137951914228E7+1571926.4595217803i         2.6588451685750358E7
0                         9.901265081548767E-8     2.086243933096728E-7     -42072.708481156886+6624961.504822711i            1.2816708230732901E7
8.271806125530277E-25     2.040893509695161E-7     1.7271580831706605E-7    324697.2452828042-6212590.986990812i              1.8672986246785793E7
8.271806125530277E-25     2.0806462318456905E-7    1.7420550492035314E-7    -8899083.896239527-742864.8869899565i             2.3017572596221656E7
-8.271806125530277E-25    2.0890160161240936E-7    3.0351667623886993E-7    -5630290.008060098+5435013.294056703i             2.9439070767150193E7
-8.271806125530277E-25    2.0375301438726548E-7    3.067090812444527E-7     -2.453966884654376E7+3003715.1960959435i          3.5772813741488166E7
-1.0339757656912846E-25   9.89591295183069E-8      2.0903820604204621E-7    -133774.6211479142+8132191.565445524i             1.269120232258369E7
-1.0339757656912846E-25   9.844532377288113E-8     2.0870917300429743E-7    -3071740.2999129724+9973209.73440724i             1.3092816837374328E7
-1.0587911840678754E-22   0                        2.1844380867587958E-7    1.392934236206036E7+1496673.5938557666i           2.1405268485414326E7
0                         9.688521219864761E-8     3.184452727390873E-7     8589488.782044297-2324826.6426308667i             2.9558586863631003E7
0                         9.940305354074083E-8     3.2005765833954787E-7    2.151175463964972E7+6249899.1317452695i           2.661477352495691E7
1.6543612251060553E-24    2.975031488633426E-7     -2.9339614738355517E-7   -9297782.76346809-6338746.735530294i              2.9886301474669546E7
6.6174449004242214E-24    2.917936601563077E-7     -3.1736775741026994E-7   -8805545.186399335+2715077.2409067606i            2.9714439692880884E7
0                         3.1858335174886756E-7    -3.122210637167122E-7    1898990.044996671-171686.48694931023i             2.480776478312581E7
3.3087224502121107E-24    3.005644256617372E-7     -3.2556268764508506E-7   -6308420.693052915+921436.6164967958i             3.2239762512010045E7
4.963083675318166E-24     2.889914814077966E-7     -3.3208997454653474E-7   -1.3030316144983487E7+5276098.811317802i          2.3736504068599056E7
1.6543612251060553E-24    3.005211138875588E-7     -4.339063223617766E-7    3756067.856937208-5306832.517974986i              2.5681194882438958E7
1.6543612251060553E-24    3.040417081880036E-7     -4.457236684465528E-7    5884002.662518436-8464114.812433433i              3.0994858048113976E7
3.3087224502121107E-24    3.1575663290721403E-7    -4.457236684465528E-7    7883762.363037053+1764260.5446518892i             1.9692494776233323E7
1.6543612251060553E-24    3.1493360207967284E-7    -4.239959674058959E-7    7373985.583337846-694170.4401076119i              1.915559162476354E7
1.6543612251060553E-24    3.555500665578169E-7     -4.4572366844655277E-7   1495316.9387154616+2318265.616290081i             1.563691849941902E7
0                         2.1400389587682244E-7    -4.457236684465527E-7    -3921092.7351774536+5800942.827376641i            2.6606803256379515E7
0                         2.1611376013759174E-7    -4.1265784208138033E-7   -6556241.867191948+1.0515896671437636E7i          2.0020439903661635E7
3.3087224502121107E-24    4.0481067694876277E-7    -7.106334885445178E-8    -5566391.532349952+737163.5817249991i             2.1779490467192385E7
0                         4.0481067694876277E-7    2.3721473678056144E-8    1.1501176012957476E7-2209291.1707170927i          3.662552753652458E7
6.6174449004242214E-24    3.8331229340881396E-7    -3.394459883762836E-7    -5546018.879155296+2673040.731697748i             2.2678206569522154E7
-1.6543612251060553E-24   4.0481067694876277E-7    -3.9919901680121826E-7   -7868880.7007371755+6656918.143786505i            2.247216224276364E7
-3.3087224502121107E-24   4.048106769487627E-7     -3.4115748411427057E-7   -4229604.662346965+2039786.74042071i              2.1234071301638536E7
-3.3087224502121107E-24   4.0481067694876277E-7    -3.1657404149144293E-7   -2244878.6738200854+5471565.124069967i            2.261042547899629E7
0                         3.624841859934109E-7     -2.1742384376173693E-7   5182931.5646322165+1537066.3490346645i            2.9965474253777962E7
0                         4.0481067694876277E-7    -2.491234228295679E-7    1.2307177916451389E7+2122651.044400738i           2.2669860678634744E7
-3.3087224502121107E-24   4.0481067694876277E-7    -2.218305523870462E-7    1.819450478329514E7+3099223.311901208i            3.0668843381458767E7
0                         4.0481067694876277E-7    -1.847936517365227E-7    7881683.233699206-1.1549663935801378E7i           2.5695104935063545E7
3.3087224502121107E-24    4.0481067694876277E-7    -4.457236684465527E-7    -810863.4907456026+6871264.895429627i             2.0023411555171818E7
0                         4.0481067694876277E-7    1.360940974810027E-7     -5809484.074455029+7175590.058347441i             2.614316805491352E7
0                         2.2749097318003724E-7    -2.457370449823213E-7    -7997611.797005703+3487166.01235328i              2.111462121903675E7
-3.3087224502121107E-24   2.3413233341041154E-7    -2.543701145832266E-7    -2092137.8143486918+2793657.571064214i            2.541824945928321E7
-8.271806125530277E-25    2.3440395028456402E-7    -3.2236736814764417E-7   -2436204.3776624985+2278380.7441941327i           2.197096238965481E7
0                         1.5993522287077374E-7    -3.380866968469554E-7    4165787.0606493093-2436895.0975699574i            2.8029741530660667E7
0                         1.6759313036861802E-7    -3.2612549477155674E-7   -4372386.593128377-5194945.801337427i             2.2398414015746456E7
0                         1.8911699668253973E-7    -4.419077192662658E-7    -1.0107788746045012E7+1.2441879259366503E7i       2.4325652435280662E7
0                         1.8667391565649347E-7    -4.457236684465527E-7    -1.0749315022133542E7+1.4286333038871491E7i       2.7618604879056975E7
0                         1.913342646905239E-7     -4.457236684465527E-7    -8143992.794247542+9739382.22228913i              2.338704775281602E7
-1.6543612251060553E-24   1.396310857758312E-7     -3.5782484311461526E-7   5652217.62627943-866813.2453050877i               2.955015880481429E7
-3.3087224502121107E-24   7.611575413599851E-8     -4.457236684465527E-7    -3283603.7114971075-1.595138822751387E7i          2.3742115172891617E7
8.271806125530277E-25     1.7748454918846015E-7    -4.457236684465527E-7    -3414207.3582745646+1.2552689360291943E7i         3.212740134925335E7
0                         0                        -4.4572366844655277E-7   -107519.81187768106+1.7353968508942008E7i         2.3867488172462545E7
3.3087224502121107E-24    3.2009757832018636E-7    3.2677928377364126E-7    1.3225337312385254E7+6455372.45881852i            2.2767617915137984E7
-3.3087224502121107E-24   3.0619600246222623E-7    3.3486896995387694E-7    2362052.8295571995+3570579.208681984i             2.073855145297948E7
-4.963083675318166E-24    3.0383053908689365E-7    3.1660022825710494E-7    2749388.2329406557+4645039.022201036i             2.1379009598537534E7
-8.271806125530277E-25    2.192539704550321E-7     2.947657511655832E-7     1.0506380674130864E7-828613.5015988448i           2.732794106566351E7
0                         2.3837125222619716E-7    3.146040095279286E-7     1712860.9809105822+2077852.6401842667i            2.1837257219353072E7
-3.3087224502121107E-24   2.987758188315725E-7     3.49862275930646E-7      -9437246.437972652+2750056.462365035i             1.7966421329174697E7
3.3087224502121107E-24    4.0481067694876277E-7    1.622613169736564E-7     735353.8625904997+5625755.743702845i              1.7786929562626347E7
6.6174449004242214E-24    3.7922861640659704E-7    2.5872567663945717E-7    4697092.694405233+1438750.4784590062i             1.957846935290415E7
0                         4.0481067694876277E-7    2.5753493727551003E-7    -560332.4364913834+3791734.0507262843i            1.4480482291780282E7
0                         4.0481067694876277E-7    2.0714308067700738E-7    7225766.58590455+8109968.774442329i               2.0340069231228154E7
0                         4.048106769487628E-7     2.79063042588469E-7      1443878.5109949214-5780214.92135854i              1.8544488336085103E7
3.3087224502121107E-24    4.0481067694876277E-7    3.379968755225224E-7     7372003.525586371-1.1751694533290923E7i           2.8934130248161066E7
-3.3087224502121107E-24   3.784650435248287E-7     3.533711258179332E-7     7105302.121479923-7022954.6122344425i             3.36551400905315E7
-3.3087224502121107E-24   4.0481067694876277E-7    3.6038578813905066E-7    1.4939462659957424E7+3529614.440752322i           2.867662338661015E7
8.271806125530277E-25     2.1870583030792516E-7    4.1491011538750973E-7    2905998.228273512-4148237.2928863694i             2.1908119018438555E7
3.3087224502121107E-24    3.3029999519553334E-7    4.308186424710969E-7     2868143.583398408-4884040.6780376965i             2.3126725223563306E7
0                         3.157566329072141E-7     4.4572366844655277E-7    -4897911.344052802-3651847.886709198i             2.146349886100536E7
0                         3.555500665578171E-7     4.457236684465527E-7     -1381716.6998203828-1151231.375116558i            1.9162651819820493E7
0                         2.140038958768217E-7     4.4572366844655277E-7    3855015.4646993335-6410539.375463066i             2.5895341598693967E7
-1.6543612251060553E-24   3.040417081880036E-7     4.4572366844655277E-7    -2947672.3687972203+7870122.589659207i            2.4753350299151722E7
-6.6174449004242214E-24   3.1346570626984056E-7    4.252272709540098E-7     2099620.6560811265-7462981.996529418i             2.6429938122893933E7
0                         4.0481067694876277E-7    4.099925578214459E-7     331724.5129273472+2047699.7774033765i             1.8412847423275627E7
-8.271806125530277E-25    2.0391193386512348E-7    3.133088118671505E-7     -2.1590499076972403E7+3413534.5141975028i         3.37615024498379E7
0                         1.866739156564935E-7     4.4572366844655277E-7    7185983.924684204-2150616.9757435317i             3.585319544264321E7
0                         9.946902311506326E-8     3.227972936925604E-7     1.251365705616943E7+4630696.539246059i            2.9317798994562794E7
1.0587911840678754E-22    0                        3.320837385612162E-7     1.6524965529614318E7-989992.98302721i             1.8211275566328622E7
0                         9.754913313934993E-8     3.27493234507198E-7      -4159174.111862036+446874.2678346837i             2.563572604116893E7
3.3087224502121107E-24    7.611575413599854E-8     4.457236684465528E-7     1919484.9813754137+9089639.760313638i             1.7162244987379663E7
0                         1.7748454918846047E-7    4.4572366844655277E-7    3414207.3582745586-1.2552689360292057E7i          3.519254829858641E7
0                         0                        4.4572366844655277E-7    107519.81187766208-1.735396850894201E7i           2.386748817246255E7
-8.271806125530277E-25    2.101473059029679E-7     3.08022941317334E-7      -7125199.046806423+5505087.972925019i             2.4080030358473945E7
0                         1.9134251536632702E-7    4.4176598740277313E-7    1.2902194375896804E7-6289812.102840553i           3.01432975292267E7
3.3087224502121107E-24    4.0481067694876277E-7    4.457236684465527E-7     810863.4907455884-6871264.895429637i              1.5947198259527642E7
0                         1.913342646905238E-7     4.4572366844655277E-7    8143992.794247519-9739382.222289145i              2.830315424646211E7
0                         9.688521219864761E-8     3.206212832158238E-7     7448800.493676285+1970097.2072702285i             3.416598514583642E7
