% Model:              omc_unitcell_iso.mph
% Version:            COMSOL 6.2.0.658
% Date:               Jul 1 2026, 12:03
% Dimension:          3
% Nodes:              357
% Expressions:        1
% Description:        Electric field, y-component
% Length unit:        m
% X                       Y                        Z                        ewfd.Ey (V/m) @ lambda=5E-12
3.3087224502121107E-24    2.909408219456692E-7     -9.116802241037532E-9    -7787722.085946888-4443410.883956222i
0                         3.2456485463078355E-7    -4.6565295574875403E-8   -9674739.41435618-4633390.283085634i
-3.3087224502121107E-24   3.3399999999999995E-7    2.3237673013821025E-23   -1.0020891581526944E7-4385892.027596629i
0                         3.244222491082903E-7     4.763785119570128E-8     -9602933.53155906-4586733.407686859i
2.274746684520826E-24     2.1457445665613249E-7    7.513119464638829E-8     -4090388.474835432-4877014.029197378i
-4.1359030627651384E-25   2.3137191849259872E-7    7.459854219388789E-8     -4895200.540815505-4917422.820042326i
5.583469134732937E-24     2.1546807526161548E-7    7.885366946571899E-8     -3995593.287740439-4933690.529661476i
-4.1359030627651384E-24   2.1266302937631554E-7    7.841650960755042E-8     -4004370.389826499-4918769.894058104i
4.963083675318166E-24     2.134882250777196E-7     8.095135089960772E-8     -4121433.997629229-4953176.526875959i
0                         3.163900648998948E-7     6.520876694083002E-8     -9339936.40420805-4800474.89894386i
3.3087224502121107E-24    2.825435534890409E-7     1.1588092171619638E-7    -7794132.933179779-5235052.7003182545i
0                         2.417815675611352E-7     1.4694938582000425E-7    -5605611.176435715-5751132.148788128i
0                         1.441492463204858E-7     -1.4983037208425967E-7   607033.89665026-5048146.953223187i
-3.3087224502121107E-24   1.3053269772374366E-7    -1.9855931543263272E-7   3204195.652564671-5480269.565367874i
6.6174449004242214E-24    1.9534189390177093E-7    -1.762963768526468E-7    -1627391.7708274808-5903680.823020848i
3.3087224502121107E-24    8.723907557817635E-8     -2.1034770269556345E-7   6574712.20260823-4858519.705101563i
6.6174449004242214E-24    9.079461477035323E-8     -1.5890299258642E-7      3645011.919575459-4517230.457145286i
0                         1.0185917752290108E-7    -9.033453138726522E-8    787797.985780705-4146558.968283817i
5.293955920339377E-23     0                        -2.1799999999999991E-7   8074130.630747353-4625927.559908447i
-9.926167350636332E-24    5.4729451025116196E-8    -9.194252576102937E-8    1474389.3030202258-4219526.67422951i
3.3087224502121107E-24    2.5498294835954666E-7    -7.02616853346351E-8     -6100738.616563039-4840742.717041662i
-8.271806125530277E-25    3.047280241604408E-7     -5.389980015820028E-8    -8790497.861238044-4700103.183609561i
3.3087224502121107E-24    2.4262951468959317E-7    -3.3727844817641724E-8   -5441483.680066103-4548208.510131326i
-6.6174449004242214E-24   2.842388511482013E-7     -1.143672847943301E-7    -7725491.381387555-5206405.450839055i
8.271806125530277E-25     3.1734974094425616E-7    -6.47178657302182E-8     -9515159.322159782-4770955.023077974i
0                         3.225473848719573E-7     -5.6596895764559517E-8   -9589492.620719086-4649346.936658349i
0                         3.0727849354433177E-7    3.716187958667846E-8     -8826596.430986468-4635394.800207086i
4.963083675318166E-24     1.9608915284010443E-7    -8.524725028083092E-8    -3004583.581356358-4841950.457309247i
-3.3087224502121107E-24   2.3687474334758368E-7    -1.5013343656633706E-7   -5275795.67343783-5859177.319330219i
-1.6543612251060553E-24   1.844986501477195E-7     -9.498502051979598E-8    -2133866.695839294-4943121.22684147i
0                         1.8647651061845574E-7    -8.149310160892542E-8    -2391081.6321305763-4786778.821615903i
0                         3.163330442293183E-7     5.306646607773194E-8     -9208304.41639726-4643772.136442037i
0                         3.2286737959469416E-7    5.579691268901542E-8     -9478844.86672533-4625382.560376632i
-4.1359030627651384E-25   1.9958994130323732E-7    8.707457570639903E-8     -3457705.0812135832-4973956.761716263i
0                         1.127542796764382E-7     1.6015247688143135E-7    2522855.392206504-4933925.330763454i
6.6174449004242214E-24    1.9077053353123035E-7    1.7843893109443794E-7    -1374495.6171269352-5940807.209928811i
-3.3087224502121107E-24   1.3457131188222352E-7    1.9764746760172172E-7    3112834.8934709625-5464164.370992135i
-6.6174449004242214E-24   9.16313733218809E-8      2.0955171772387743E-7    6319180.207736874-4944629.321784717i
0                         9.284097861045494E-8     1.6406606081566257E-7    3553008.530408223-4775468.1461084075i
5.293955920339377E-23     0                        2.1799999999999997E-7    8648536.34064951-4503575.935100235i
0                         1.0110578132682427E-7    1.4502750844500253E-7    2446654.876849214-4690148.874618343i
-1.6543612251060553E-24   8.347196322347463E-8     1.468051687236044E-7     2813363.5309907086-4668357.921845991i
-3.3087224502121107E-24   5.262860403016093E-7     -3.671370149176759E-7    -7338060.478408881-1443357.109849661i
6.6174449004242214E-24    5.326174360744307E-7     -4.454999999999999E-7    108187.6507713406+130276.42411548323i
4.963083675318166E-24     4.982054509356383E-7     -4.2188128458714213E-7   -2691633.6421688152-765411.3976918529i
-1.6543612251060553E-24   5.895251087508247E-7     -4.454999999999999E-7    -13074.550680788772-6601.77995865625i
0                         4.406983669550136E-7     -4.454999999999999E-7    -45516.30343007553-21483.35126529674i
0                         4.0500000000000004E-7    -3.4694342761748135E-7   -1.1608972202942148E7-3824879.4109242167i
0                         4.0500000000000004E-7    -4.2015684848266105E-7   -2972006.566395889-926674.0394194238i
-1.6543612251060553E-24   4.6834749517382773E-7    -3.137342389695302E-7    -1.3625267436990026E7-3566334.710149874i
-3.3087224502121107E-24   4.05E-7                  -3.121866787531193E-7    -1.5440244852301255E7-4992891.288528473i
0                         5.088057071241112E-7     -2.969173048710213E-7    -1.4378153802841097E7-3136349.303394175i
-3.3087224502121107E-24   4.2869941018243406E-7    -2.8124779152571903E-7   -1.811719019981058E7-5278001.296769998i
0                         6.305278652133215E-7     -3.967511908904267E-7    -4296087.348420967-654337.7718730067i
0                         5.213935146841009E-7     -2.9250758040117066E-7   -1.4281064583592594E7-2863329.965068178i
0                         4.0500000000000004E-7    -2.397036580806863E-7    -2.267362650209346E7-6795196.329472696i
-1.6543612251060553E-24   4.750463203833237E-7     -2.658453244078209E-7    -1.8202747693987288E7-4471489.043846836i
3.3087224502121107E-24    4.40076569456082E-7      -1.931656489292975E-7    -2.469296203008212E7-6213050.214544048i
3.3087224502121107E-24    4.0500000000000004E-7    -2.107337597881088E-7    -2.508122341599525E7-7189940.21704074i
3.3087224502121107E-24    4.1609298255046795E-7    -2.2640763205390853E-7   -2.3484885001133166E7-6648589.980698951i
-1.6543612251060553E-24   4.0500000000000004E-7    -9.739946361074687E-8    -2.9883460935769748E7-7020997.41455623i
0                         4.05E-7                  -1.1714201167276451E-7   -2.996418999718623E7-7322215.380632974i
1.6543612251060553E-24    4.3195813114958147E-7    -1.3077322704547869E-7   -2.82246925396504E7-6612759.788196045i
-3.3087224502121107E-24   4.05E-7                  -1.3424495614328456E-7   -2.9208831013952702E7-7376017.050364215i
1.9852334701272664E-23    8.212083153451605E-7     -3.1056727163046257E-7   -8163988.3986437945+955061.7953135595i
-9.926167350636332E-24    8.152787305657055E-7     -3.164486616082703E-7    -7992106.352530588+862431.6706029152i
1.9852334701272664E-23    8.21862073429495E-7      -3.227964186944923E-7    -7495592.479538376+827717.4302395091i
-2.481541837659083E-24    7.913127097652019E-7     -3.429403134025503E-7    -6281046.750518805+683514.135466917i
3.3087224502121107E-24    8.132164151273462E-7     -3.0889093502113745E-7   -8347836.383284216+900720.3440044222i
9.926167350636332E-24     8.074199076255276E-7     -3.1553049877803573E-7   -8016153.964396948+826284.230072357i
0                         6.721607233116906E-7     -4.455E-7                6269.901044089784+50397.73236161274i
-2.6469779601696886E-23   8.981523529578601E-7     -4.4549999999999996E-7   -45503.02401196494-32195.24602738732i
-3.3087224502121107E-24   7.253368457684986E-7     -4.4549999999999996E-7   73304.35877039102+60952.1173926065i
5.37667398159468E-24      1.215E-6                 8.732574559229382E-9     -2813743.275651084+9619447.44209732i
-2.0679515313825692E-25   1.1268959465037E-6       5.227169081700507E-8     -5900230.549871353+7973630.175729416i
9.098986738083304E-24     1.2126376682739553E-6    6.403936259602957E-9     -2885540.352326791+9626517.597362898i
4.1359030627651384E-24    1.215E-6                 2.4988748140056306E-9    -2795578.422498388+9671437.36134924i
0                         1.2149999999999998E-6    1.6701820046544376E-7    -1763815.757389031+7839948.282203576i
0                         1.035904606529041E-6     1.0367114061262876E-7    -9022328.321923025+6376260.795955322i
0                         1.2149999999999998E-6    -4.4549999999999996E-7   679207.8402647977+327108.94120650645i
6.6174449004242214E-24    9.72699324040614E-7      -3.091343366762282E-7    -4639680.492809578+2811460.9243976627i
1.3234889800848443E-23    1.0224598881796357E-6    -2.1985295013466604E-7   -7135711.002446544+4628804.636436681i
1.9852334701272664E-23    1.0875350022453794E-6    -2.077125204738675E-7    -5492035.389107116+5650013.427353997i
-1.3234889800848443E-23   1.2149999999999998E-6    -1.5626287560041607E-7   -2245267.3527451446+7971698.171989617i
-1.3234889800848443E-23   9.752735153072758E-7     -2.1907271783560623E-7   -8432127.518762574+3967287.5448697493i
2.0679515313825692E-24    1.204310246553989E-6     1.348473096341726E-9     -3145455.648937808+9449821.715541454i
0                         9.918136933547865E-7     -1.5462488159909355E-7   -9549014.120108522+4816232.318004361i
-3.3087224502121107E-24   7.509524380529078E-7     -1.2646894404393406E-7   -1.7565586920479957E7+623956.0454481144i
0                         7.555756107920515E-7     -1.3896809380089228E-7   -1.7287433694818493E7+657534.2258383621i
-1.6543612251060553E-24   7.361989458559782E-7     -1.3756863109985273E-7   -1.7586761703606047E7+336452.9753202304i
-1.6543612251060553E-24   7.646789088745446E-7     -1.0525281056743316E-7   -1.7586199542461958E7+910095.0481036901i
-9.926167350636332E-24    7.653409434289764E-7     -1.3735608732262426E-7   -1.69706618668878E7+958015.2554148082i
-1.6543612251060553E-24   7.905652758299973E-7     -1.2802704026114854E-7   -1.6394766711479584E7+1472535.881458472i
9.926167350636332E-24     6.40923865685546E-7      -2.6855387927708157E-7   -1.3393473732298326E7-1112898.4511072035i
1.6543612251060553E-24    5.768927342290918E-7     -2.7810202485500783E-7   -1.4260355982505126E7-2169912.927915256i
0                         6.30284338872633E-7      -2.427472243185585E-7    -1.5207373915111018E7-1487294.185729021i
1.6543612251060553E-24    6.638786016421364E-7     -3.4144155870584834E-7   -7720223.806122874-525967.2703814706i
9.926167350636332E-24     6.596687504560925E-7     -2.523701309500776E-7    -1.4035525441480916E7-913469.591761694i
3.3087224502121107E-24    5.743375248037586E-7     -2.162006507261736E-7    -1.8498022804478437E7-2854577.6768273744i
-4.963083675318166E-24    7.322560753885223E-7     -1.1570613314772139E-7   -1.813281304487657E7+265427.64780299726i
-3.3087224502121107E-24   4.229476789816154E-7     1.2304930426346377E-7    -2.8817985281587005E7-6829069.324102757i
0                         4.0499999999999993E-7    1.2843267564053058E-7    -2.9715193383173797E7-7440690.506394888i
4.963083675318166E-24     4.0500000000000004E-7    1.0483433646592005E-7    -2.960129132702905E7-7047423.25588135i
0                         4.3006386752658733E-7    4.609342036495255E-9     -2.925805363531187E7-5983910.00490364i
0                         4.0500000000000004E-7    2.5071177408604445E-8    -2.9991396084843744E7-6542418.204847217i
3.3087224502121107E-24    4.0500000000000004E-7    -1.6658777789044055E-8   -2.9957160894887965E7-6476969.276468049i
-1.6543612251060553E-24   5.057475649582711E-7     -7.083858521324827E-8    -2.6821021233192075E7-4829418.952366401i
0                         4.937156061610073E-7     -7.612275167876728E-8    -2.702851486046086E7-5039927.156199936i
3.3087224502121107E-24    5.163613659715325E-7     -8.972763520836649E-8    -2.5950950204540364E7-4490490.579193486i
0                         5.224906744802441E-7     -7.347205790757949E-8    -2.6036865919130635E7-4361182.806974872i
0                         5.059971693914353E-7     -8.079731816234046E-8    -2.6787244326011676E7-4877458.992092013i
3.3087224502121107E-24    5.036663645851501E-7     -9.883236845865358E-8    -2.629306361070083E7-4884241.083391686i
0                         5.125703033830536E-7     -8.207761118875145E-8    -2.6578103366278794E7-4685626.857362216i
0                         4.756426370857559E-7     -1.4761615745927355E-7   -2.5764294162731003E7-5364807.913418009i
-3.3087224502121107E-24   4.894059883646249E-7     -1.6776594515051276E-7   -2.4066657621094055E7-4927140.532714536i
0                         5.2041483771261E-7       -2.733237876229981E-7    -1.5670635915949669E7-3066052.171886394i
1.6543612251060553E-24    4.05E-7                  -4.454999999999999E-7    -43426.780647384374-24803.22093603836i
0                         1.458331962435541E-7     -2.408062306459975E-8    -1240571.3489686477-4446036.866581807i
-4.1359030627651384E-25   2.1038990885193158E-7    7.377294459647265E-8     -4012029.1727908114-4804509.946394826i
-1.6543612251060553E-24   1.9416718692265394E-7    -1.3838956692881505E-8   -3375555.5127792535-4534452.120413848i
-3.3087224502121107E-24   1.9390047367107988E-7    -7.248552237665454E-8    -3128670.0863947505-4753164.957601065i
-8.271806125530277E-25    1.8036673360092985E-7    -7.978400357287589E-8    -2035254.7885948692-4810992.018719105i
8.271806125530277E-25     1.7972923293965396E-7    -5.922009713511576E-8    -2520171.659458913-4757069.899021909i
0                         1.7823023133202587E-7    9.106668148712701E-9     -2679370.6963161207-4412556.852927175i
-9.926167350636332E-24    4.3091712304994005E-7    1.4965408578099417E-7    -2.749230575399395E7-6696647.04895324i
-3.3087224502121107E-24   4.0499999999999993E-7    1.5536809998364214E-7    -2.83896619896948E7-7473559.397746024i
1.075334796318936E-23     5.122763828886015E-7     3.016566432580802E-7     -1.3881238289607305E7-2980736.580010662i
-1.6543612251060553E-24   5.097713876176654E-7     2.962928230099749E-7     -1.4757492986284245E7-3286726.204645594i
-6.6174449004242214E-24   5.126962132280286E-7     2.946232044841032E-7     -1.4572298383380765E7-3056010.936869934i
6.6174449004242214E-24    5.030217762413025E-7     3.0014579672453795E-7    -1.4344465973606825E7-3314133.647047066i
-1.6543612251060553E-24   5.023435948197871E-7     2.950052560091472E-7     -1.4741284045014068E7-3309174.5992472456i
-8.271806125530277E-25    5.010508055561108E-7     2.868242215369731E-7     -1.543948614411528E7-3481290.2085362608i
-1.6543612251060553E-24   5.104784209867601E-7     2.879986309620584E-7     -1.5088682168701835E7-3213651.2941638543i
3.3087224502121107E-24    4.0499999999999993E-7    2.320617872425941E-7     -2.3489482596724648E7-6850188.206737454i
-3.3087224502121107E-24   4.05E-7                  2.735652982785125E-7     -1.947172973928404E7-5946619.034975344i
-6.6174449004242214E-24   7.191603727256436E-7     1.8384425702366384E-7    -1.5622907583378205E7+167119.67661113487i
0                         6.566401525351968E-7     1.3140755295295209E-7    -2.023661026371774E7-1326166.0168999159i
0                         7.551942082376031E-7     7.367322629255253E-8     -1.8162131226715736E7+846567.0252388709i
0                         8.291194103648033E-7     1.9104739296724595E-7    -1.3283897722872082E7+1873999.9602742828i
0                         1.0306257635680043E-6    1.074706301271778E-7     -9201931.775972664+6159723.405043894i
-1.6543612251060553E-24   8.609381620105912E-7     2.047652995090036E-7     -1.2107730281537887E7+2321010.095413129i
1.3234889800848443E-23    9.69082694158509E-7      2.6920211458902713E-7    -6613584.576192848+3363764.341952728i
0                         1.2149999999999998E-6    4.4549999999999996E-7    672590.6977219674+276940.36860576493i
1.6543612251060553E-24    5.323948620927943E-7     3.1268441278780743E-7    -1.2332196541942528E7-2395436.9109665425i
0                         9.846450483303935E-7     -4.525712638325865E-8    -1.1034207320136478E7+5460343.073174635i
0                         1.031894368243839E-6     1.0149810101139119E-7    -9258855.155398047+6210155.725977633i
1.6543612251060553E-24    8.592174677283653E-7     1.909730770230408E-7     -1.2710402797274163E7+2349631.5305449916i
-6.6174449004242214E-24   8.439525938464243E-7     2.3246472173978106E-8    -1.6252653536438897E7+2791483.586458548i
-6.6174449004242214E-24   9.213280352766648E-7     -7.711784241910473E-8    -1.3161951263149943E7+4307308.566283332i
0                         7.964552461523533E-7     -2.8655837292582008E-9   -1.7995303661418207E7+1855789.3313555326i
1.6543612251060553E-24    8.471326139072493E-7     1.8368893397569237E-7    -1.2932064388485491E7+2204271.4640301266i
6.6174449004242214E-24    7.316898440905242E-7     -1.1522262200644509E-8   -1.9769309737415377E7+405344.9256523427i
-3.3087224502121107E-24   6.217165401723967E-7     8.360856823412926E-8     -2.1601511617419828E7-1990218.7216452442i
0                         5.980928446312825E-7     -3.2447306999714584E-8   -2.358480938991846E7-2433093.8125081584i
0                         4.6038585260233153E-7    2.1063438057859217E-7    -2.2886096088772386E7-5541885.1873298995i
-3.3087224502121107E-24   5.788830881781477E-7     1.5849592862598437E-7    -2.111552434550079E7-2857565.498489611i
3.3087224502121107E-24    5.081361512864311E-7     2.0812796802163802E-7    -2.1035832184549306E7-4151790.49392665i
3.3087224502121107E-24    5.073661121690562E-7     1.7288797809411122E-7    -2.2658868299939275E7-4308068.526075748i
3.3087224502121107E-24    5.68932418264637E-7      9.220206261200483E-8     -2.391663394291941E7-3273548.5826884597i
-3.3087224502121107E-24   4.978714350483425E-7     6.693244510335123E-8     -2.685654352079848E7-4785887.360706956i
3.3087224502121107E-24    5.322166986747205E-7     2.8971997978770405E-8    -2.6130286823467217E7-4096412.4499953412i
3.3087224502121107E-24    4.873340538782457E-7     3.503827684482583E-8     -2.781001349518188E7-5083366.319089742i
-3.3087224502121107E-24   4.5796924466501724E-7    5.133081335852132E-8     -2.8571445808433827E7-5670078.358417371i
0                         4.05E-7                  3.3660671764184514E-7    -1.2927853812238397E7-4347104.063087136i
-3.3087224502121107E-24   4.0499999999999993E-7    3.599381553071932E-7     -1.0164130553949634E7-3368938.7240299433i
0                         5.895251087508247E-7     4.455E-7                 48235.138216474596+15050.141496832011i
3.3087224502121107E-24    5.326174360744306E-7     4.455E-7                 112363.62535494183+113580.62642390076i
-1.6543612251060553E-24   4.98804510473703E-7      4.2666430989725295E-7    -2105154.624143237-583598.0018114307i
0                         4.406983669550134E-7     4.4549999999999996E-7    49242.231416965245+22658.58328138005i
8.271806125530277E-25     4.0499999999999993E-7    4.2501238309926197E-7    -2333231.137380712-710438.3338147958i
-6.6174449004242214E-24   1.5220354472666537E-7    8.983143980595564E-8     -556935.2101824206-4343618.279608825i
0                         4.4742000386481485E-8    7.651235828203531E-8     1564873.2048504974-4166585.2932090536i
0                         1.5647318959968855E-7    2.5614712007988648E-8    -1643428.4242310447-4428137.757728943i
-3.3087224502121107E-24   0                        8.104465163018918E-8     2224397.6270279796-4080003.2738471907i
-3.3087224502121107E-24   1.262747717110734E-7     -3.804720076852329E-9    -924105.3419041603-4345909.224032311i
-6.6174449004242214E-24   0                        -6.174187176468793E-8    1818551.3925965473-3912356.5472567417i
0                         0                        3.595848397815377E-8     1771113.1717371095-4046164.083877005i
0                         1.6125065480234575E-7    5.259751802102495E-9     -1855293.0627994703-4304071.942475189i
-1.3234889800848443E-23   6.486507101039389E-7     2.9033332083798283E-7    -1.193179182119194E7-976394.9369129294i
-6.6174449004242214E-24   6.004299605272005E-7     2.913854910253725E-7     -1.2620374832824688E7-1538844.0447068645i
3.3087224502121107E-24    6.620545807397854E-7     3.8896320905328457E-7    -4477566.74395267-418926.44758438i
-1.6543612251060553E-24   8.17518784022675E-7      2.109700810139343E-7     -1.2751268939023862E7+1588050.4718313725i
3.3087224502121107E-24    5.587293487059081E-7     2.464395181103522E-7     -1.71035526811463E7-2874736.484101921i
3.3087224502121107E-24    6.239825438841986E-7     1.7597682247649222E-7    -1.8672159322111458E7-1831268.759006576i
0                         6.173483705550245E-7     1.1782124918134718E-7    -2.1467871569502972E7-2063187.7836263631i
0                         8.484967532180724E-7     2.0097995079794593E-7    -1.2631279460457126E7+2110617.5535453274i
-3.3087224502121107E-24   7.076888590887493E-7     4.1399052626569223E-7    -1806201.3560649191+218737.7180682436i
-6.6174449004242214E-24   9.416133751560109E-7     3.344897466239036E-7     -4657429.211609791+1860893.3060077794i
3.3087224502121107E-24    7.253368457684986E-7     4.454999999999999E-7     -260434.89646803445-144653.76599292122i
1.3234889800848443E-23    8.981523529578602E-7     4.454999999999999E-7     72654.77232610728+56918.76371833077i
0                         8.529939627817213E-7     2.1376682197985615E-7    -1.1960009128349153E7+2038293.0307164202i
0                         6.721607233116907E-7     4.454999999999999E-7     -46257.882730765756-66202.9912443483i
1.6543612251060553E-24    4.05E-7                  4.454999999999999E-7     43426.78064738372+24803.220936039066i
-6.6174449004242214E-24   2.842388511482013E-7     -1.143672847943301E-7    -8475479.111705175-2991217.885756785i
0                         3.2723864918696265E-7    -1.1618389509387602E-7   -7188800.033948081-2728273.085135542i
8.271806125530277E-25     3.1734974094425616E-7    -6.47178657302182E-8     -5194100.351634162-1366252.5211446984i
0                         2.9589792924300793E-7    -1.6529353632223291E-7   -7537957.169457269-3735628.8464415744i
0                         3.2848136844983233E-7    -1.4549972275350203E-7   -7074926.718697438-3149529.6719515584i
-3.3087224502121107E-24   3.7267757677020274E-7    2.822401991966959E-9     -3687591.3746349267-924530.5656296557i
-3.3087224502121107E-24   3.3399999999999995E-7    2.3237673013821025E-23   -2165004.4192656246-803610.9970118818i
0                         3.2456485463078355E-7    -4.6565295574875403E-8   -2956342.206431725-1110042.3834330093i
0                         3.372072708007166E-7     -4.565449056299681E-8    -3899470.5779545875-1292225.132721975i
0                         4.0500000000000004E-7    2.5071177408604445E-8    -4820017.779862191-977324.1369350454i
0                         3.3527326626917976E-7    4.844029866167916E-8     -3903145.9417068525-1301288.155678353i
0                         3.244222491082903E-7     4.763785119570128E-8     -3196394.657118341-1188594.093419092i
3.3087224502121107E-24    4.0500000000000004E-7    -1.6658777789044055E-8   -4916553.930557081-1023356.7534119762i
0                         3.3781097628247143E-7    -1.0386707252008429E-7   -6381139.108634266-2330326.1433618674i
-1.6543612251060553E-24   3.73520735760809E-7      -1.1813917207165913E-7   -5965580.371070415-1927058.8375123134i
-8.271806125530277E-25    3.481432612687642E-7     -7.56723390904528E-8     -4921597.287224423-1580189.6099791415i
0                         3.225473848719573E-7     -5.6596895764559517E-8   -4293796.695003067-1371198.0403959274i
-3.3087224502121107E-24   1.3053269772374366E-7    -1.9855931543263272E-7   422981.7139224485-5485181.025760456i
0                         1.220780421927859E-7     -2.2273482788497544E-7   1912383.5773041223-5425231.132129806i
3.3087224502121107E-24    8.723907557817635E-8     -2.1034770269556345E-7   4889951.145283696-4968384.086832464i
0                         7.448056229228033E-8     -2.7470966566578347E-7   4761633.7468016995-4733379.072271038i
-3.3087224502121107E-24   1.8352865659065677E-7    -2.3735387190800953E-7   -1667292.0393553388-5357919.914335957i
3.3087224502121107E-24    1.7756394546135606E-7    -2.0335207816822267E-7   -3033622.671700029-5507507.6429435825i
6.6174449004242214E-24    1.9534189390177093E-7    -1.762963768526468E-7    -5584245.590039302-5472271.388388898i
0                         2.059510026061127E-7     -2.12004018437044E-7     -3948974.250729553-5213371.232177451i
-3.3087224502121107E-24   2.3687474334758368E-7    -1.5013343656633706E-7   -8630768.361883016-4589787.032723118i
0                         2.809906343574287E-7     -2.0238054224862738E-7   -6301552.72208569-4493010.653570228i
0                         2.285285474353789E-7     -1.9109266393329248E-7   -6438333.42794179-5218753.734922392i
0                         2.4473141976354446E-7    -2.278223636251061E-7    -4861456.2891298-5002880.151464046i
5.293955920339377E-23     0                        -2.1799999999999991E-7   8637973.38402842-4576590.215591985i
1.6543612251060553E-24    5.989077153941894E-8     -2.9157422525523383E-7   5146328.912665637-4534879.178190643i
-4.963083675318166E-24    3.486559627778935E-7     1.2183064816546836E-7    -6745330.746159193-2442029.3193697887i
-8.271806125530277E-25    3.261520207172293E-7     7.509251767450445E-8     -5119351.827900596-1644574.800952822i
-4.963083675318166E-24    3.2438824254503895E-7    1.1696663682194968E-7    -7267112.749791616-2725087.7301362106i
0                         3.2286737959469416E-7    5.579691268901542E-8     -3870584.3921851255-1130906.2075359996i
3.3087224502121107E-24    2.825435534890409E-7     1.1588092171619638E-7    -8793606.53757255-3034609.9518036456i
0                         3.163900648998948E-7     6.520876694083002E-8     -5207377.372143352-1254274.81006161i
6.6174449004242214E-24    2.731387494325709E-7     1.6045824761512003E-7    -8088873.565422251-4070435.3430708703i
0                         2.40118382919569E-7      1.821382005347734E-7     -6928451.201039553-5024836.690843657i
0                         2.417815675611352E-7     1.4694938582000425E-7    -8689416.890207987-4386540.187821042i
0                         2.7142591451613846E-7    1.9693099311231565E-7    -6865474.173788108-4775064.544831165i
6.6174449004242214E-24    1.9077053353123035E-7    1.7843893109443794E-7    -5601037.865414068-5577772.352333848i
3.3087224502121107E-24    1.827670275842819E-7     2.2393899650834713E-7    -2636844.924028013-5600528.763749254i
-3.3087224502121107E-24   1.3457131188222352E-7    1.9764746760172172E-7    302945.5524615927-5442453.595888827i
0                         2.1705164509244379E-7    2.2419796653180624E-7    -4005068.0437535173-5326387.259382315i
0                         1.528390136559086E-7     2.347632528767295E-7     177563.86594579156-5405790.467174168i
-6.6174449004242214E-24   9.16313733218809E-8      2.0955171772387743E-7    4402255.988231088-5070303.972390415i
-1.6543612251060553E-24   9.53014522433121E-8      2.9921048943762033E-7    3398810.8782640994-4281456.72360133i
5.293955920339377E-23     0                        2.1799999999999997E-7    8313931.126473063-4682412.406390825i
0                         7.831495770055783E-8     3.225805699964696E-7     3698550.2203524457-3950108.2403899496i
3.3087224502121107E-24    1.7942617095072962E-7    2.5903385663126144E-7    -1031884.1237205345-5260363.843291635i
-3.3087224502121107E-24   4.05E-7                  -3.121866787531193E-7    -2592276.5397900096-872198.8048180534i
0                         4.0500000000000004E-7    -3.4694342761748135E-7   -2215976.185943146-766152.6115806532i
-3.3087224502121107E-24   3.8609509271723143E-7    -3.3082506059804267E-7   -2373888.9391492913-1221457.7212541115i
0                         3.6651440745773254E-7    -1.6143933001622153E-7   -5549364.712085771-2141727.9664613055i
-3.3087224502121107E-24   3.7131883893163374E-7    -2.1213537535522666E-7   -5099966.396656628-2293176.6273743687i
3.3087224502121107E-24    4.0500000000000004E-7    -2.107337597881088E-7    -4264984.058951144-1315583.55409542i
0                         4.0500000000000004E-7    -2.397036580806863E-7    -4059404.3870660425-1257541.011523093i
-1.6543612251060553E-24   4.0500000000000004E-7    -9.739946361074687E-8    -5489170.786389506-1339367.4480874885i
0                         4.05E-7                  -1.1714201167276451E-7   -5378645.637676436-1305576.2374486763i
-3.3087224502121107E-24   4.05E-7                  -1.3424495614328456E-7   -5177962.950980593-1313128.3667230522i
0                         3.665707625436965E-7     -3.504214866779362E-7    -2179620.5704490407-1343189.7308287264i
0                         3.089463317645683E-7     -4.0658160224745466E-7   -775831.0683366185-924605.4853228539i
8.271806125530277E-25     3.8411510713301346E-7    -4.4549999999999985E-7   83095.6900849926+26733.926093732982i
0                         4.0500000000000004E-7    -4.2015684848266105E-7   -496261.0131189451-173007.3675159321i
-6.6174449004242214E-24   3.155028589949371E-7     -4.454999999999999E-7    -36595.19137377733-16521.151948121016i
3.3087224502121107E-24    2.87063175945506E-7      -4.454999999999999E-7    25951.01966982265+36395.61698469603i
9.926167350636332E-24     2.1722041413852832E-7    -4.454999999999999E-7    -19188.36522059188-12059.893470668085i
0                         2.0840315975913164E-7    -4.052084166440978E-7    19948.4187590294-1345862.4772981715i
-1.6543612251060553E-24   2.4707677954244353E-7    -4.0559583864461137E-7   -7095.4781305487295-1302844.8524746026i
6.6174449004242214E-24    1.8381193472561107E-7    -4.454999999999999E-7    58518.24051757281+64623.76294831493i
-1.6543612251060553E-24   3.1589998082376315E-7    -2.9120126283833433E-7   -4061435.1899283193-3275378.966442388i
-1.6543612251060553E-24   3.1967893196663337E-7    -2.7490047141194047E-7   -4461245.337057887-3456448.9247389473i
-6.6174449004242214E-24   3.11885486656784E-7      -2.721278519896205E-7    -4618229.682507381-3684432.4463639953i
-3.3087224502121107E-24   3.1835704815807105E-7    -2.652917891428765E-7    -4724264.037094748-3559327.8358114427i
1.6543612251060553E-24    3.328258745815588E-7     -2.681823842624209E-7    -4662136.031840617-3182253.858052944i
0                         3.2215553629419776E-7    -2.5243382297855174E-7   -5126832.9797126055-3526856.918535861i
-1.6543612251060553E-24   3.043429408055094E-7     -2.6089305079404214E-7   -4696668.851241171-3875030.646708309i
3.3087224502121107E-24    3.2179985988153985E-7    -1.927950442301918E-7    -6874414.903665887-3748309.049211593i
4.1359030627651384E-25    1.0205880176318907E-7    -3.65934549534446E-7     2406072.3530171993-2706660.6267395513i
3.3087224502121107E-24    1.229602579813722E-7     -4.454999999999999E-7    -6574.7900834988-28400.365701839462i
6.6174449004242214E-24    9.187797074751496E-8     -4.454999999999999E-7    1689.0980281870006+2213.5711992863858i
2.7917345673664684E-24    1.0118710880551074E-7    -3.6580289809793065E-7   2499058.437448558-2815919.708493208i
-8.375203702099405E-24    1.01346545756948E-7      -3.646618042051065E-7    2501055.4072618694-2910705.4487200435i
-8.375203702099405E-24    1.0128230550336893E-7    -3.6501221436648336E-7   2537807.6081033233-2878662.7411006643i
-8.375203702099405E-24    1.0162327474647366E-7    -3.6497176650213317E-7   2510615.8312026975-2845540.6643676274i
2.3781442610899546E-24    1.0001298374534613E-7    -3.6453617679211123E-7   2552235.3704995126-2855259.6515023895i
3.101927297073854E-25     1.0488740949516866E-7    -3.655423174223095E-7    2300849.7001998303-2787710.8514965596i
0                         0                        -4.4549999999999996E-7   -48691.1655257754-60876.409693921705i
0                         0                        -3.4538085935338504E-7   4705876.440365635-3024414.097969593i
0                         9.957408903520677E-8     -3.6076487094149834E-7   2576118.78432621-3005068.4729861757i
1.6543612251060553E-24    4.05E-7                  -4.454999999999999E-7    67750.98078360982+30180.266967410626i
0                         3.0989437806273314E-7    -3.5824145004601504E-7   -1943676.1444026534-1969673.4454620492i
1.6543612251060553E-24    2.2338048895211112E-7    -3.786997143671236E-7    -457244.81635108654-2173442.807908469i
1.6543612251060553E-24    2.0997228703535474E-7    -3.7854053528575486E-7   -261602.0651076767-2255319.4676210685i
-1.809457589959748E-23    1.8879687046885873E-7    -2.9704586673540736E-7   -442320.5351326756-4838063.147854453i
-1.809457589959748E-23    1.8896361542786332E-7    -2.9701769426919125E-7   -397335.73438623856-4837456.849620195i
-1.809457589959748E-23    1.888962323811267E-7     -2.971571613511841E-7    -139784.66884016737-4781545.17071529i
-1.809457589959748E-23    1.890514545954827E-7     -2.9715996888192254E-7   -265771.24601573905-4667040.799668824i
1.3958672836832342E-24    1.8917170216459414E-7    -2.9700891836352635E-7   -749500.0989812163-4811113.739041344i
-2.3005960786631082E-24   1.8921867874226825E-7    -2.980420331746075E-7    -259562.7946102294-4650056.764433703i
3.5155176033503676E-24    1.896369518407359E-7     -2.974196339012212E-7    -567207.4931378482-4649435.700802227i
1.0339757656912846E-25    1.8641695911796334E-7    -2.9692825149633596E-7   -403259.1052424083-4733934.407416305i
2.7658851732241863E-24    1.892275534648743E-7     -2.966859820971423E-7    -738011.417338242-4858589.481554797i
8.013312184107456E-25     1.8869733953674342E-7    -2.966931670688722E-7    -439300.2177765051-4785759.119439066i
3.3087224502121107E-24    0                        -3.1680208622107123E-7   5306301.760848771-3773548.164047482i
1.6543612251060553E-24    7.198442187251522E-8     -2.902850317424322E-7    5065922.6210620105-4471439.414384347i
0                         3.527479741298276E-7     1.0156705453702295E-7    -6443725.1352469325-2159089.2403000966i
4.963083675318166E-24     4.0500000000000004E-7    1.0483433646592005E-7    -5116834.658019669-1214260.533440629i
0                         4.0499999999999993E-7    1.2843267564053058E-7    -5226113.065311214-1324892.5826485627i
1.6543612251060553E-24    3.125318136652158E-7     1.5181590896225756E-7    -7404532.881792524-3468447.866092882i
-4.963083675318166E-24    3.303829611806797E-7     1.2762098538370945E-7    -7215851.437689495-2839110.066776047i
-3.3087224502121107E-24   3.538621305915753E-7     1.4618654962126732E-7    -6344962.966425582-2447925.525936763i
-3.3087224502121107E-24   4.0499999999999993E-7    1.5536809998364214E-7    -4747124.9350580275-1299487.9678085542i
-3.3087224502121107E-24   3.72727081607797E-7      2.0046709680154934E-7    -5649091.752936682-2299957.8988189325i
0                         3.3004770761928105E-7    1.7732094118206457E-7    -6650822.963096265-3208380.509455608i
0                         3.0147508767166456E-7    1.9577052087250105E-7    -6614612.522040004-4086634.1601811647i
0                         3.4345836922371087E-7    2.2319147254519124E-7    -5610996.147380201-3049872.032077159i
-3.3087224502121107E-24   4.05E-7                  2.735652982785125E-7     -3434680.391078622-1039956.8289908561i
-3.3087224502121107E-24   3.720860354356362E-7     2.5052669610440564E-7    -4347448.001045076-2129422.9489771193i
3.3087224502121107E-24    4.0499999999999993E-7    2.320617872425941E-7     -4031827.3724031798-1224030.1435726967i
3.3087224502121107E-24    0                        3.1811914064661494E-7    5553397.359619903-3686225.2423057803i
-3.3087224502121107E-24   2.6757782579705685E-7    2.8078293011286835E-7    -3459208.513591692-4130470.774660133i
1.6543612251060553E-24    2.1178523028094897E-7    2.571653866646535E-7     -2276458.475417364-5102206.842567529i
0                         2.311789658019234E-7     3.1969155330587577E-7    -1685656.8121894535-3655975.3792902306i
3.3087224502121107E-24    2.6846293266663124E-7    2.3306344821711997E-7    -5287487.051998321-4604650.029452511i
3.3087224502121107E-24    3.3760489149344435E-7    2.609988592843833E-7     -4719066.777613657-3089817.088116972i
3.3087224502121107E-24    2.992648110598895E-7     2.3033719615781518E-7    -5441765.315332401-4022129.2352813957i
0                         3.13925395903042E-7      2.770137997670035E-7     -4149753.033819999-3355141.9920986686i
1.6543612251060553E-23    3.2927163314406747E-7    3.616657464838949E-7     -2360269.1292243297-1980146.9287307858i
-1.6543612251060553E-24   3.293741581456172E-7     3.539250287028797E-7     -2112477.813968911-1963865.3691084795i
1.6543612251060553E-23    3.3390163942382485E-7    3.620691145343137E-7     -2224425.442577299-1856623.1626371618i
-8.271806125530277E-25    3.3553216352451E-7       3.4355600213024507E-7    -2424854.6373744365-1963075.5961105563i
5.790264287871194E-24     3.3337253503560996E-7    3.701588306747554E-7     -1938250.5461888409-1683639.9163065264i
-2.481541837659083E-24    3.129454890763891E-7     3.603046123239545E-7     -2030921.042326457-2081938.9936843421i
8.271806125530277E-25     3.4157106015514567E-7    3.544596371314311E-7     -2254389.4496224215-1740066.981888997i
-4.963083675318166E-24    3.409634210589772E-7     3.6209772157797953E-7    -1994109.1417046518-1656616.0012121305i
-8.271806125530277E-25    3.2473826955975E-7       3.697089993008175E-7     -2170184.296854342-1772939.7618111507i
3.3087224502121107E-24    3.790085081135071E-7     3.091434151373879E-7     -2787639.711807641-1617233.4905989622i
0                         4.05E-7                  3.3660671764184514E-7    -2132293.766170413-767098.3962799357i
-3.3087224502121107E-24   4.0499999999999993E-7    3.599381553071932E-7     -1790048.3007870181-631667.1249791542i
-4.1359030627651384E-25   3.661809926110364E-7     3.9949853692337553E-7    -1048162.1762463158-955064.8579100438i
8.271806125530277E-25     4.0499999999999993E-7    4.2501238309926197E-7    -234359.4094173261-75725.88499100565i
0                         1.1115187150364822E-7    3.230096667381466E-7     2967350.433733137-3954982.5359481415i
-3.3087224502121107E-24   1.9232187095677768E-7    3.3717828838712353E-7    -48976.81301797125-3447121.919028337i
6.6174449004242214E-24    1.8601180600101045E-7    3.673769359421495E-7     242677.27012583258-2670258.9404682326i
0                         1.123003350172797E-7     3.41921842047284E-7      2839659.081054232-3383431.228583671i
0                         1.5455481895543223E-7    4.1436884091150925E-7    183292.62020685154-1146543.4337436727i
3.3087224502121107E-24    2.2089071643573936E-7    3.554368049398117E-7     -510214.0293046159-2833983.787156664i
0                         2.052318650827309E-7     4.035065197448565E-7     184695.7652096543-1314959.2642485742i
0                         1.8381193472561104E-7    4.4549999999999985E-7    -21851.217781217103-19450.443047292447i
-6.6174449004242214E-24   2.1722041413852846E-7    4.4549999999999985E-7    19188.365220604104+12059.893470669364i
0                         3.841151071330135E-7     4.454999999999999E-7     -53492.24764825536-18991.24875144745i
6.6174449004242214E-24    3.1550285899493716E-7    4.4549999999999985E-7    36595.191373766815+16521.151948122042i
3.3087224502121107E-24    2.61414520217548E-7      4.040926537954267E-7     183219.24778737238-1245006.7806808518i
3.3087224502121107E-24    2.87063175945506E-7      4.4549999999999985E-7    95274.45722274452+44020.47192805289i
1.6543612251060553E-24    9.318306857917759E-8     3.341960237443665E-7     3363953.985554587-3691245.204393394i
0                         2.709295942038924E-8     3.4053980689009577E-7    4679561.835670889-3189089.7305423366i
0                         9.936968505764839E-8     3.668589632183645E-7     2439969.883607173-2600677.818188816i
0                         1.2296025798137228E-7    4.454999999999999E-7     43944.25482373979+21194.60014616958i
0                         9.187797074751499E-8     4.454999999999999E-7     -1689.0980281819493-2213.571199285228i
0                         0                        4.4549999999999996E-7    -134104.62741308435-126746.97170641484i
0                         0                        3.466979137789287E-7     4731744.674510473-2990901.0756190037i
1.6543612251060553E-24    4.05E-7                  4.454999999999999E-7     84793.53584391913+35383.58070831571i
