% Model:              omc_unitcell_iso.mph
% Version:            COMSOL 6.2.0.658
% Date:               Jul 1 2026, 11:45
% Dimension:          3
% Nodes:              305
% Expressions:        2
% Description:        Electric field, y-component, Electric field norm
% Length unit:        m
% X                       Y                        Z                        ewfd.Ey (V/m) @ lambda=4E-12                      ewfd.normE (V/m) @ lambda=4E-12
-3.3087224502121107E-24   3.11640147700064E-7      -1.1976618988071797E-8   226975.60317082916-37869.27936588145i             2.2116765610698782E7
8.271806125530277E-25     3.251713317899763E-7     -4.5402139950156244E-8   636021.1783386789-123143.87863490265i             2.342973480867273E7
3.3087224502121107E-24    3.341587528859366E-7     2.3248404524220318E-23   142768.23735252387-3636.724357562858i             2.420839925887342E7
3.3087224502121107E-24    2.1377803373446657E-7    -8.98969548131277E-8     2696082.7909973115-314701.9465954342i             1.415223948837609E7
3.3087224502121107E-24    2.873933361043472E-7     -1.114077343861201E-7    2123284.1501075607-336515.80083771807i            1.8990607678193495E7
0                         3.182396563385692E-7     -6.343381124083152E-8    693549.9208691114-172291.53575734698i             2.222580402658613E7
-1.6543612251060553E-24   1.99411942363288E-7      -1.1418858509067949E-7   3743781.0000790213-397152.20229803986i            1.3254214865721049E7
0                         2.1845653395423077E-7    -1.6518554386307116E-7   5250792.196141161-547870.6743889563i              1.4391944991447289E7
3.3087224502121107E-24    2.4663417250518805E-7    -1.4426116112124456E-7   3987530.008335198-453353.7436768147i              1.6251927025284663E7
-1.0339757656912846E-25   1.1513907745767914E-7    -2.0461885748524736E-7   9319785.129283713-711568.6067529753i              1.1426956764686944E7
4.1359030627651384E-25    2.5720174943636357E-7    5.1192065844283316E-8    -1138664.6279847135+166311.85338304308i           1.7363080596252467E7
0                         2.538559103127853E-7     5.584570174921412E-8     -1278481.0725889844+184029.5313964539i            1.7092453954462837E7
0                         3.24970696555981E-7      5.0869258428683064E-8    -317466.599976465+126337.60674194487i             2.32041725205411E7
0                         3.258812924319995E-7     4.569473248067654E-8     -232418.14361648675+111476.64199132187i           2.352449132390517E7
-3.3087224502121107E-24   2.951442792554136E-7     1.024258598957873E-7     -1442013.7496949052+288064.67912095593i           1.9739100932343833E7
0                         3.221038368927431E-7     5.584714369209338E-8     -458254.4275250428+141015.91968657888i            2.2782346874898016E7
0                         2.5315329523993733E-7    6.001853845885086E-8     -1407593.8175039124+191319.2071160039i            1.7119806496302962E7
0                         2.5085145295922413E-7    5.462592438847495E-8     -1362747.232296666+178122.35611041082i            1.6918187345157303E7
-1.6543612251060553E-24   1.8936295177487544E-7    -5.345153217925148E-8    1933972.9124815296-199958.83965089047i            1.2535577328669738E7
0                         3.0382501758412077E-7    -4.485991782714857E-8    511501.9920745313-120971.59128127756i             2.1294132629256286E7
0                         3.232695709983424E-7     -5.53045889386516E-8     643293.5936090585-151359.1735423687i              2.285217498298811E7
3.3087224502121107E-24    2.3887937212247125E-7    -7.0981566033776E-9      156651.79179112118-25689.836912164676i            1.5956537089560056E7
0                         2.1590675670731769E-7    1.6443578411235084E-7    -5301285.6578411935+521699.95279514074i           1.4460211210426673E7
8.271806125530277E-25     2.0626333866638028E-7    1.6851892779815737E-7    -5903886.830085314+552964.467902549i              1.3850004837423718E7
8.271806125530277E-25     2.478102917674804E-7     5.7999085052770066E-8    -1298650.724089365+180364.50839153634i            1.6711333809250642E7
8.271806125530277E-25     2.0848700466590606E-7    1.7050596155886884E-7    -5869416.271589626+557934.1780622965i             1.3823593577901281E7
3.3087224502121107E-24    1.8845011221180134E-7    -7.933319908910908E-8    2774639.0384770017-299712.90315042646i            1.2480115000243485E7
-1.0587911840678754E-22   0                        -2.184438086758795E-7    1.1248539924604466E7-757106.4140762455i           1.1279970598155E7
6.6174449004242214E-24    7.412316040165247E-8     -9.059081845819273E-8    3852229.41140212-374725.1716644242i               6769159.197313028
0                         1.1222187758084808E-7    -2.0359382100811807E-7   9607820.11722786-703684.1817672128i               1.1550265573678004E7
-1.6543612251060553E-24   1.6148098076991665E-7    -8.194116355486126E-8    3059234.516710441-311725.44672356354i             1.0832084374682797E7
0                         1.1244237034527167E-7    -2.0569679271964817E-7   9760223.77073897-705327.9389602861i               1.1664524993684635E7
0                         1.114934002831982E-7     -2.0583860403134034E-7   9991370.413465992-705321.8082901054i              1.186476535329933E7
0                         2.0046547469079038E-7    1.684949217441033E-7     -6063516.987249828+568329.8798718568i             1.3518021665968508E7
-3.3087224502121107E-24   1.1811756029585402E-7    1.0937180041687409E-7    -4443588.754769554+433465.5718137562i             8539664.198850546
0                         9.892122696120922E-8     2.0811770775040243E-7    -1.0142094002747582E7+717690.216780617i           1.1584931745193277E7
-1.0587911840678754E-22   0                        2.1844380867587958E-7    -1.1214741147482704E7+752387.7599757907i          1.1243549371580368E7
8.271806125530277E-25     2.040893509695161E-7     1.7271580831706605E-7    -6123805.7156309+578072.1620915304i               1.3717286687669732E7
0                         9.901265081548767E-8     2.086243933096728E-7     -1.0254185910928745E7+712422.4405706069i          1.1644752733846502E7
-1.0339757656912846E-25   9.844532377288113E-8     2.0870917300429743E-7    -1.0288572329436064E7+714676.6693476576i          1.1723002055564053E7
0                         4.3156852068532967E-7    -9.441573109727262E-8    1.1311261716535535E7-1002327.1366104016i          2.1618133286895633E7
3.3087224502121107E-24    4.0481067694876277E-7    -7.106334885445178E-8    9540899.628338141-766547.1515465025i              2.419472286168362E7
0                         4.0481067694876277E-7    -1.2247503680099905E-7   1.5495959853423884E7-1343751.5444860845i          2.481786435264213E7
3.3087224502121107E-24    4.2236659387354457E-7    -3.3156600261566373E-7   2.7969673655750003E7-2939925.0539360493i          2.9237194409754373E7
-3.3087224502121107E-24   4.0481067694876277E-7    -3.1657404149144293E-7   2.8984230373380955E7-2940693.311405039i           3.0625331933804702E7
-3.3087224502121107E-24   4.048106769487627E-7     -3.4115748411427057E-7   3.0126036892905872E7-3095804.9178571054i          3.131095860606743E7
0                         4.502508420350996E-7     -2.9324605695653366E-7   2.4088219735267825E7-2601335.631882253i           2.5938394812307023E7
0                         4.561468564307357E-7     -2.3347254581814542E-7   2.0439951594281305E7-2180566.8661135505i          2.364172630444515E7
-3.3087224502121107E-24   4.0481067694876277E-7    -2.218305523870462E-7    2.3633562452876855E7-2315483.8624312705i          2.7769840600649968E7
0                         4.0481067694876277E-7    -2.491234228295679E-7    2.5263352662311036E7-2511160.85963457i            2.8582223707557097E7
0                         4.0481067694876277E-7    -1.847936517365227E-7    2.084561133071871E7-1949016.416440097i            2.6769558184393663E7
0                         4.997136481438985E-7     -5.4578163674120465E-8   5008843.471137526-524147.43092205946i             1.567061707969197E7
3.3087224502121107E-24    4.489461804632103E-7     -5.6775778379933294E-8   6416998.829484031-582388.4189441551i              1.991279809213099E7
3.3087224502121107E-24    4.4989759452706147E-7    -1.6556817874517087E-8   1138432.5720085646-140825.31199042452i            1.998185914011143E7
3.3087224502121107E-24    5.064721380278715E-7     -9.25383604059818E-8     7720573.1151952855-863195.0851366041i             1.6281003020903103E7
-3.3087224502121107E-24   4.814698782554942E-7     -7.107843754157303E-8    7005474.729509276-710972.4349850519i              1.7174565770051982E7
0                         4.0481067694876277E-7    2.3721473678056144E-8    -3425005.3308167527+267624.9367128779i            2.346480692867108E7
-3.3087224502121107E-24   4.0481067694876277E-7    -2.908572125757574E-8    4671273.416252356-327519.9817265238i              2.4093012972236402E7
0                         4.375981764020514E-7     -1.443441900957181E-7    1.5527856009609997E7-1499463.5873970701i          2.2556871716629885E7
-3.3087224502121107E-24   4.993313195216967E-7     -2.159181114847459E-7    1.6236674768180942E7-1904571.76106107i            1.958170620992019E7
0                         5.165759812286529E-7     -1.5276612097377223E-7   1.155608828477051E7-1375446.5578890508i           1.6543155476322526E7
0                         4.777461392223046E-7     -1.1661254719235383E-7   1.0624044878053382E7-1124386.0442905498i          1.842906292326791E7
1.6543612251060553E-24    6.117018165168023E-7     -2.3743763663215706E-7   1.143963044074973E7-1715203.2797701592i           1.345655334523521E7
-1.6543612251060553E-24   4.569758984411236E-7     -3.472823263841108E-7    2.5451608534551512E7-2826458.720793555i           2.6403377634301934E7
-1.6543612251060553E-24   4.0481067694876277E-7    -3.9919901680121826E-7   3.1344925488715705E7-3222405.891203759i           3.2045949567462634E7
3.3087224502121107E-24    5.081525458428524E-7     -3.9970774983858666E-7   2.1632260169540983E7-2685773.851801934i           2.212770313569097E7
3.3087224502121107E-24    4.962314594314798E-7     -4.457236684465527E-7    2.2680147631247852E7-2802527.2547408817i          2.3024796298164174E7
3.3087224502121107E-24    4.2957613825231527E-7    -4.457236684465527E-7    2.962076949091479E7-3170458.7095818645i           2.9925244174355503E7
3.3087224502121107E-24    4.0481067694876277E-7    -4.457236684465527E-7    3.18048029416719E7-3327034.6372868908i            3.216468669811967E7
3.3087224502121107E-24    7.584990733679616E-7     -3.525345509788203E-7    8979519.749438144-1971582.6731840014i             9548541.084652632
1.6543612251060553E-24    6.455923658273635E-7     -2.9779599197226205E-7   1.1296667103572201E7-1866354.8876476104i          1.2499517561897933E7
-1.3234889800848443E-23   6.594171668704031E-7     -4.457236684465528E-7    1.2501848375584072E7-2225331.5430917777i          1.2806684922326634E7
0                         7.115433440389336E-7     -4.4572366844655277E-7   1.088146794242901E7-2146116.91346871i             1.1171206944441857E7
0                         6.13672952558064E-7      -4.457236684465528E-7    1.5219987964880455E7-2357992.7644492113i          1.5550598091546172E7
0                         5.835703006909465E-7     -3.9683597509188217E-7   1.682523940736077E7-2399828.8197124703i           1.7284135570449598E7
1.6543612251060553E-24    5.073206154392238E-7     1.6639490242751647E-8    -1188916.0366394406+152251.24536263157i           1.6072646230102673E7
0                         4.872041077290517E-7     5.2308274107395806E-8    -4724154.926074579+498490.54403379746i            1.7078867496338356E7
0                         4.0481067694876277E-7    1.360940974810027E-7     -1.662160861172396E7+1480789.007442554i           2.5248079832025826E7
0                         4.0481067694876277E-7    5.720766611629198E-8     -8091956.039663392+637415.5093352271i             2.4056016976999186E7
0                         4.862892861970411E-7     7.59710070016916E-8      -7308301.414413765+742120.06177877i               1.697094393930782E7
6.6174449004242214E-24    1.7939660431371156E-7    5.0528916286388705E-9    -190155.47849709858+18965.096936589118i           1.1525519500473693E7
0                         2.459427215263416E-7     5.2736472453813216E-8    -1241187.9214180382+171855.1981971935i            1.6565523224090818E7
3.3087224502121107E-24    1.5707454531081041E-7    6.25005572267353E-8      -2604467.230598642+245141.6951854758i             1.0640031507867426E7
6.6174449004242214E-24    2.1433983851951722E-7    7.1700210684364934E-9    -134476.5636602913+20068.464559661876i            1.4048633913518645E7
0                         2.49260976348461E-7      5.607337329607634E-8     -1444947.3235186334+174428.09264574377i           1.68994222687668E7
-1.3234889800848443E-23   6.246188711819906E-7     3.9309164022119866E-8    -2114161.543998552+314579.71331236453i            9693893.45922373
0                         5.960440285226311E-7     2.988217108289382E-8     -1815756.9184256874+242501.34796083663i           1.0964914741654018E7
-1.6543612251060553E-24   5.631430720862984E-7     6.27649824210615E-8      -4343733.961121471+549817.0790911409i             1.2567550894792335E7
-1.6543612251060553E-24   6.691471139469493E-7     -6.92448852235418E-8     3049465.85685954-519063.17758895655i              9352236.68237983
-1.6543612251060553E-24   4.4978337932055604E-7    1.5899387636454964E-7    -1.59766046417533E7+1593721.2826356613i           2.2050897293083243E7
0                         5.281021162220563E-7     1.0122790767266414E-7    -7374424.289303192+892131.3150715139i             1.4837993463001123E7
0                         5.408635932871615E-7     1.6874223547965604E-7    -1.1195158375701979E7+1442170.146867819i          1.5407535362634439E7
0                         5.191967007498003E-7     7.363267056516884E-8     -5865002.667770145+675449.9837674698i             1.4690333989905259E7
0                         1.2144320308462883E-6    -4.4572366844655277E-7   1712106.3086863053-2811549.343573546i             3377350.7306206757
0                         9.711902279227485E-7     -1.706099099539873E-7    2645427.1843420225-1243463.3554160942i            4397139.940560285
5.790264287871194E-24     9.829586933867662E-7     -1.6127963750351202E-7   2423846.3430301095-1193505.6837141514i            4073923.18565453
1.3234889800848443E-23    1.214432030846288E-6     -1.0860767275448962E-7   472906.43606845685-1083376.5586397361i            2767141.0732852276
1.3234889800848443E-23    9.682376450528536E-7     -1.6514818570509336E-7   2486460.2512013456-1186336.0867387198i            4353216.691948138
1.406207041340147E-23     9.726521862409165E-7     -1.6285283285125584E-7   2415426.4665813996-1151660.3958965405i            4287533.566328993
1.6543612251060553E-24    9.626704923717386E-7     -1.6119038765285642E-7   2544887.4925776967-1134749.153228473i             4313594.661724597
1.6543612251060553E-24    9.754909361905512E-7     -1.5889962744497584E-7   2425913.733750016-1148807.1298778995i             4277854.782812911
8.271806125530277E-25     9.387796828040267E-7     -1.92233150566557E-7     3400458.3810498994-1323898.1644232627i            4967722.375260905
6.6174449004242214E-24    8.550869066977325E-7     -3.054656588009247E-8    764987.3991450386-216185.04283350712i             4867938.41045635
-6.6174449004242214E-24   7.891679577345008E-7     -7.479479087737868E-8    2187489.4791577277-522484.2090042133i             6242877.565846332
1.3234889800848443E-23    7.97048117412347E-7      -6.302097202391355E-9    247683.7806139334-29812.737061508225i             5593588.643852253
6.6174449004242214E-24    7.520580860383995E-7     -1.3288742342409566E-8   380063.3940976514-89218.1203095699i               6473342.169020308
0                         7.054127686436632E-7     -1.0157113773708578E-7   3784939.2512663705-733360.5314838106i             8113119.752993451
3.3087224502121107E-24    5.052561387145081E-7     -2.446466948904555E-7    1.722173227857495E7-2092214.1389115576i           1.9718655078856748E7
0                         6.247238596707543E-7     -2.5434599037638164E-7   1.1573746570560848E7-1797575.2075134593i          1.3163687504059106E7
0                         5.214366592560964E-7     -3.381466525268136E-7    1.9259108908136535E7-2463989.0108241006i          2.0284314837745927E7
-1.6543612251060553E-24   6.30222716919134E-7      -2.3418625134157275E-7   1.0655456749721419E7-1664659.4153692266i          1.2765886376558738E7
6.6174449004242214E-24    5.576046715284379E-7     -1.2432629581684775E-7   8132149.429046916-1069900.4097355371i             1.3585130956982857E7
0                         5.49458049142369E-7      -5.2424835329014184E-8   3589065.478114803-456211.5297891505i              1.2850547127831325E7
-1.6543612251060553E-24   6.772966468641454E-7     -1.1254496970161925E-7   4963485.166519233-844203.4433085397i              9077664.173719566
0                         7.589645985661259E-7     -1.6652353284211032E-7   4855812.946455625-1127632.2768172987i             7218111.76098259
0                         7.894428415806573E-7     -2.946914164752046E-7    6922790.0498287175-1743998.2484243251i            7735210.134304583
-1.6543612251060553E-24   6.480993456055181E-7     -2.4946320709047333E-7   1.0594116809836589E7-1735573.033193235i           1.217031655948592E7
1.6543612251060553E-24    6.929039943739884E-7     -1.2131650012357304E-7   4794908.323509223-879848.5477259515i              8692787.167883024
1.6543612251060553E-24    6.387782450892036E-7     -2.640761444177972E-7    1.1209119994924935E7-1809695.0980565771i          1.2602071561515864E7
0                         7.742683920110035E-7     -3.156157027512449E-7    8035656.318567174-1887033.2402715725i             8751840.127433576
-3.3087224502121107E-24   5.495370825295924E-7     -3.5901745045618887E-7   1.8354959662300896E7-2464475.1016424564i          1.8958577670099337E7
0                         8.518735131742949E-7     -4.457236684465528E-7    6184321.392105994-1967262.7682266254i             6540488.506145973
0                         8.064277864561567E-7     -3.349980882823954E-7    7072292.316735231-1814245.9534439656i             7643136.426516697
-3.3087224502121107E-24   4.3658923736319153E-7    2.472402499771893E-7     -2.276628132403213E7+2359574.248047819i           2.573371447925144E7
0                         4.0481067694876277E-7    2.5753493727551003E-7    -2.605503615805383E7+2604063.689052767i           2.8983645428257257E7
0                         4.0481067694876277E-7    2.0714308067700738E-7    -2.227004637246685E7+2125431.630968627i           2.7359838092859074E7
-2.6469779601696886E-23   7.245654816930181E-7     6.376431187878918E-8     -2472828.296558855+473049.946094641i              7113275.993733861
0                         6.930442476933175E-7     5.100816087261462E-8     -1959151.1745638382+372538.48199123214i           7957925.917303559
1.6543612251060553E-24    6.926043182087825E-7     -8.272410280721334E-8    3447080.0688984916-613733.6227802099i             8650352.928035697
0                         4.048106769487628E-7     2.79063042588469E-7      -2.728460775801942E7+2741986.586646362i           2.9689542100646097E7
3.3087224502121107E-24    4.0481067694876277E-7    3.379968755225224E-7     -2.9827454214038644E7+3066876.973667562i          3.105666879691584E7
0                         4.7333691249732846E-7    3.3810438509062026E-7    -2.3575441405511547E7+2695867.2265815497i         2.446430616075331E7
0                         4.7278923339143395E-7    3.314883455331893E-7     -2.368702655960314E7+2690027.229731383i           2.4681965062665015E7
-3.3087224502121107E-24   4.0481067694876277E-7    3.6038578813905066E-7    -3.0567693554948717E7+3165435.1193204117i         3.1457556799726147E7
0                         4.0481067694876277E-7    4.099925578214459E-7     -3.1724061694772113E7+3264330.237423846i          3.2283734334781885E7
0                         6.509859582013704E-7     1.3255461462843295E-7    -5988651.46374689+984474.9188462984i              1.0201897336489666E7
0                         6.705836698145423E-7     1.485399450120071E-7     -6297575.749623082+1081939.7771764977i            9663580.164189609
0                         6.578698432351904E-7     1.5991641382153506E-7    -7032429.799279278+1173252.1260602598i            1.017778125764359E7
0                         6.410384686553871E-7     1.6274714920797545E-7    -7676601.521504456+1216371.1216137684i            1.0889396546498707E7
0                         4.788499947104467E-7     3.425026801200342E-7     -2.3232751173054125E7+2694817.5645633484i         2.4074739194230914E7
1.6543612251060553E-24    4.2957613825231527E-7    4.457236684465527E-7     -2.9654952831918806E7+3171224.9518118314i         2.995672844160077E7
0                         4.962314594314798E-7     4.457236684465528E-7     -2.2680147631247833E7+2802527.2547409385i         2.3024053855098892E7
-6.6174449004242214E-24   5.643604176755028E-7     2.482016625425285E-7     -1.3723931731898174E7+1888667.9794029414i         1.5871229751151795E7
0                         6.526453161246262E-7     1.8190332702945102E-7    -8214460.976668666+1328565.1437629354i            1.0990969493538879E7
6.6174449004242214E-24    6.41117934249498E-7      2.923429392833327E-7     -1.2001939174603194E7+1960279.3444998797i         1.3105307345040578E7
-6.6174449004242214E-24   5.761765813329171E-7     2.9910786931305563E-7    -1.4660777798668029E7+2145014.9095720747i         1.586446686221714E7
0                         4.820829262188099E-7     3.355042066868296E-7     -2.2707252723374505E7+2649835.779520825i          2.364635727420743E7
0                         4.211107416564642E-7     1.7500732835666212E-7    -1.8717547450718023E7+1796240.600657645i          2.4743620674013026E7
3.3087224502121107E-24    4.0481067694876277E-7    1.622613169736564E-7     -1.926365113820961E7+1767007.0351649919i          2.6029374597593136E7
0                         5.122042016630905E-7     2.1271907331504992E-7    -1.5253276505559117E7+1877155.4873293596i         1.8463241760489035E7
0                         4.786782271399676E-7     3.345049319927811E-7     -2.3208792676154476E7+2678591.603767051i          2.423696299727561E7
6.6174449004242214E-24    9.170441589635832E-7     1.3913097951325565E-7    -2684149.423907256+921382.1338501945i             4895800.70785802
1.6543612251060553E-23    8.840109665589397E-7     1.555873715367559E-7     -3101192.4599967697+1043980.8386368792i           5134736.553629515
0                         7.191376553515902E-7     1.6671927879709242E-7    -5923764.013676157+1161118.4326794292i            8655195.272568136
-6.6174449004242214E-24   8.582082660181202E-7     2.0329463399612063E-7    -4489604.830495298+1346548.3214436714i            6152073.791587385
1.9852334701272664E-23    9.168045775200016E-7     1.838839511341664E-7     -3287219.441229368+1262919.9677569403i            4874441.456359011
-1.3234889800848443E-23   8.947124546920311E-7     2.1609288361610416E-7    -4044671.4309584238+1375419.6585143192i           5602275.326771345
5.293955920339377E-23     1.2144320308462883E-6    1.3163477256883595E-7    -953476.9728661323+1218372.3637662628i            2789797.458449611
0                         1.2144320308462883E-6    4.4572366844655277E-7    -1820901.0413857456+2840878.330623617i            3445440.6841055253
-6.6174449004242214E-24   1.2047294125653607E-7    -5.4177059992643494E-8   2153698.680123066-217705.85196967397i             8058077.775164787
0                         2.429292671279745E-7     5.948826477865517E-8     -1320479.1596132317+193734.1921431701i            1.6403569045222118E7
6.6174449004242214E-24    0                        4.436886207510373E-8     -2115270.53181122+199554.1102115954i              2150551.334656728
6.6174449004242214E-24    5.812045785468935E-8     -2.552427027151395E-9    93003.58596207986-10212.498055888133i             3858388.3301360025
6.6174449004242214E-24    0                        -4.436886207510373E-8    2110014.5234288876-192715.75034898752i            2121545.451122531
0                         7.655579962140228E-8     6.542684884060526E-8     -2840880.0237374124+263102.31929006387i           5626625.175798891
0                         6.866435007000858E-7     -1.0938876761640242E-7   4529627.7350252615-808831.3231862962i             8779167.354118992
0                         4.771927731982387E-7     3.36489827235441E-7      -2.3242394054933183E7+2685234.7013258208i         2.413731186232532E7
3.3087224502121107E-24    4.0481067694876277E-7    4.457236684465527E-7     -3.1804802941671878E7+3327034.63728697i           3.216490752582981E7
0                         6.651249287303628E-7     1.6790702109120413E-7    -7120357.555555472+1217437.2723618005i            1.0018937618307102E7
4.1359030627651384E-25    4.867723564772883E-7     3.418091714985628E-7     -2.25692173448242E7+2659809.416476594i            2.34131861062E7
-6.6174449004242214E-24   6.136729525580642E-7     4.457236684465528E-7     -1.5184578496176625E7+2356971.768606528i          1.5547500393293664E7
0                         6.881616988740355E-7     3.978295959370143E-7     -1.146505339614798E7+2103051.0090432i             1.195025862429405E7
6.6174449004242214E-24    6.594171668704033E-7     4.457236684465528E-7     -1.2789198614752382E7+2248861.950899089i          1.3090577254495626E7
6.6174449004242214E-24    6.400077995513397E-7     4.145395176181685E-7     -1.3287532256039431E7+2233244.355098278i          1.3789684992852006E7
6.6174449004242214E-24    7.115433440389337E-7     4.457236684465528E-7     -1.0881467942429008E7+2146116.913468739i          1.1174950577337023E7
0                         6.653123572430028E-7     1.7967980069664388E-7    -7437381.64838361+1277049.415826174i              1.0153556778617086E7
6.6174449004242214E-24    7.079823640439226E-7     3.146782694854729E-7     -9440275.02890474+1920810.034310292i              1.0206385937608678E7
0                         8.518735131742948E-7     4.457236684465527E-7     -6492936.6024095295+2026943.4654965235i           6867286.883339603
0                         7.868661569218205E-7     3.7218715107475933E-7    -7933733.005577831+1964073.6833816068i            8513946.789072657
-3.3087224502121107E-24   3.713163589710846E-7     2.28719275193699E-8      -1029660.7853271045+52249.410475056546i           2.30973063328897E7
0                         3.258812924319995E-7     4.569473248067654E-8     -5285314.1761010485+106419.37352819434i           2.239504177256434E7
3.3087224502121107E-24    3.341587528859366E-7     2.3248404524220318E-23   -348569.8196036422+4635.934995043989i             2.3926260895652663E7
0                         3.67742134455443E-7      -2.622766939059858E-9    228892.40805193302-7380.742621864734i             2.335331482551288E7
-3.3087224502121107E-24   4.0481067694876277E-7    -2.908572125757574E-8    784283.8376708044-55768.78547203576i              2.3263529108383406E7
1.6543612251060553E-24    3.349284580711162E-7     -4.838043261769996E-8    5230995.598407895-98013.54831176103i              2.201276319846689E7
8.271806125530277E-25     3.251713317899763E-7     -4.5402139950156244E-8   4984696.5774042895-85475.74432430303i             2.2386033314890772E7
0                         3.2584904163317056E-7    5.4761703028297576E-8    -6041750.431785642+120846.74387624153i            2.1378406061332095E7
0                         3.24970696555981E-7      5.0869258428683064E-8    -5923048.446848533+111167.18555763048i            2.18180204840055E7
0                         3.221038368927431E-7     5.584714369209338E-8     -6578063.314519129+120410.79222677626i            2.1342759285856064E7
0                         3.905486564586962E-7     1.5070927513429238E-7    -3800962.3703764663+306451.77242876793i           1.8143965685189333E7
-1.6543612251060553E-24   3.695278543888481E-7     1.425007216743512E-7     -4868823.010839609+310103.99351745646i            1.7611728090819456E7
-3.3087224502121107E-24   2.951442792554136E-7     1.024258598957873E-7     -8156759.492868681+248120.15164207984i            1.6388519591405043E7
0                         4.0481067694876277E-7    5.720766611629198E-8     -1560514.9828493192+113906.13563329812i           2.2357484686760474E7
-8.271806125530277E-25    3.3156828818064024E-7    5.3161048325825355E-8    -5403850.6854136+120322.8433629337i               2.157781430961808E7
-3.3087224502121107E-24   3.538787295229262E-7     -1.2398315886083805E-7   5550131.686320703-274160.3346506287i              1.800170979272165E7
0                         4.0481067694876277E-7    -1.2247503680099905E-7   2792353.459350259-247466.47745466977i             1.9594993347293075E7
8.271806125530277E-25     3.3638825816599775E-7    -6.395905135374167E-8    5582100.360338638-138301.43394022787i             2.118299696078459E7
0                         3.182396563385692E-7     -6.343381124083152E-8    6625782.622885997-146846.41249044208i             2.053697044217209E7
3.3087224502121107E-24    2.873933361043472E-7     -1.114077343861201E-7    8728481.706138361-275631.795094369i               1.5803939135815198E7
-3.3087224502121107E-24   3.015852552501473E-7     -1.6685527697298306E-7   9015044.37007255-426432.15838112496i              1.5892019010456156E7
0                         3.232695709983424E-7     -5.53045889386516E-8     6134121.960654628-116329.1709955001i              2.156676941540153E7
-3.3087224502121107E-24   2.623301555560212E-7     -1.838422404158222E-7    9739061.165717874-499512.0766139496i              1.378891768475442E7
0                         2.1845653395423077E-7    -1.6518554386307116E-7   9197060.460413964-477750.99659329496i             1.1626919705954643E7
3.3087224502121107E-24    2.4663417250518805E-7    -1.4426116112124456E-7   8929810.172099235-376894.12864209875i             1.2947842926939212E7
-3.3087224502121107E-24   3.0650930569558767E-7    -2.1794848318051102E-7   9714267.495686974-598309.828433818i               1.5341073409397146E7
3.3087224502121107E-24    2.470772530883222E-7     -2.3543370847644549E-7   1.214983220708848E7-633884.5755686522i            1.530776141157488E7
0                         2.2069103669620642E-7    -2.2885546097923546E-7   1.2415860731545944E7-636039.2433016881i           1.4544982846671086E7
8.271806125530277E-25     1.9445774481720757E-7    -2.8327782105937676E-7   1.5527307425832445E7-734788.8573273233i           1.6802486705261774E7
0                         1.183621861921214E-7     -2.078816710009919E-7    1.0682855835135475E7-680926.8212936643i           1.1223977529562157E7
-1.0339757656912846E-25   1.1513907745767914E-7    -2.0461885748524736E-7   1.0305072931785107E7-680340.5066242123i           1.0683162048770618E7
0                         3.0257191062034473E-7    1.576897610256885E-7     -8762933.172541859+396043.22825930937i            1.6031648182519406E7
0                         2.1731686092286983E-7    1.7520511471491508E-7    -9912559.444212183+490417.75147843926i            1.2088112854428224E7
-3.3087224502121107E-24   3.111376090332974E-7     2.2109966464668137E-7    -9745825.839461083+590113.1534856245i             1.5449736314926617E7
0                         2.1590675670731769E-7    1.6443578411235084E-7    -9529935.56957183+450219.39273947105i             1.1499632670887522E7
-1.6543612251060553E-24   3.7398138207890795E-7    1.7497596113962513E-7    -5294167.836518117+357926.1361309408i             1.739679178922812E7
8.271806125530277E-25     2.0848700466590606E-7    1.7050596155886884E-7    -9638730.467638575+478744.6992587428i             1.1318550868446441E7
0                         1.610450647624651E-7     -3.1113300659520074E-7   1.7295321943179235E7-783361.0797653177i           1.789171698086764E7
0                         1.1244237034527167E-7    -2.0569679271964817E-7   1.0668578053453607E7-675855.1272997747i           1.1196835063618954E7
0                         1.5542147801101528E-7    -3.257577205699684E-7    1.811240088511135E7-807140.1597379906i            1.8556777872341067E7
0                         1.1210284432675364E-7    -2.0657976494489885E-7   1.070927678381944E7-683402.5840286203i            1.1306501913210234E7
0                         0                        -3.3208373856121613E-7   1.995487415733444E7-806540.5568699902i            1.997177106250345E7
-1.0587911840678754E-22   0                        -2.184438086758795E-7    1.1428139279428005E7-749388.985295529i            1.147959839985327E7
0                         1.114934002831982E-7     -2.0583860403134034E-7   1.0660729480953094E7-681140.2186990707i           1.122285357073531E7
-8.271806125530277E-25    2.043848287327706E-7     3.01824057255159E-7      -1.642384288094161E7+754567.1782009968i           1.75178972447763E7
0                         9.901265081548767E-8     2.086243933096728E-7     -1.0917020150584558E7+688542.7933729669i          1.1237267573270487E7
8.271806125530277E-25     2.040893509695161E-7     1.7271580831706605E-7    -9289445.696189044+492417.92123333825i            1.1465562360544264E7
8.271806125530277E-25     2.0806462318456905E-7    1.7420550492035314E-7    -9927810.265223363+491248.3270874709i             1.1963187940943731E7
-8.271806125530277E-25    2.0890160161240936E-7    3.0351667623886993E-7    -1.6055699169180132E7+768863.7282245186i          1.719660221224686E7
-8.271806125530277E-25    2.0375301438726548E-7    3.067090812444527E-7     -1.6464316306087578E7+763936.8970946027i          1.7428160490923993E7
-1.0339757656912846E-25   9.89591295183069E-8      2.0903820604204621E-7    -1.1199355460863497E7+681691.5800786807i          1.1586599864079788E7
-1.0339757656912846E-25   9.844532377288113E-8     2.0870917300429743E-7    -1.098517347173055E7+687122.661979882i            1.1387752279657843E7
-1.0587911840678754E-22   0                        2.1844380867587958E-7    -1.1528696007023022E7+745239.381904615i           1.155410114841136E7
0                         9.688521219864761E-8     3.184452727390873E-7     -1.9075546122378793E7+778068.7062900019i          1.9265994470624335E7
0                         9.940305354074083E-8     3.2005765833954787E-7    -1.8983380532329086E7+787111.582417249i           1.9180880585021984E7
1.6543612251060553E-24    2.975031488633426E-7     -2.9339614738355517E-7   1.2284930988705503E7-702454.8773939435i           1.5346690653155476E7
6.6174449004242214E-24    2.917936601563077E-7     -3.1736775741026994E-7   1.3222899523565844E7-763924.7613762399i           1.5312770064673066E7
0                         3.1858335174886756E-7    -3.122210637167122E-7    1.1356854208879698E7-696590.7817722063i           1.4478396355133351E7
3.3087224502121107E-24    3.005644256617372E-7     -3.2556268764508506E-7   1.2777153744263824E7-752287.8023078135i           1.4810039698993767E7
4.963083675318166E-24     2.889914814077966E-7     -3.3208997454653474E-7   1.3592848532872925E7-779081.9115964364i           1.536756037217257E7
1.6543612251060553E-24    3.005211138875588E-7     -4.339063223617766E-7    1.3985413313971866E7-821695.1221600191i           1.4389171420739532E7
1.6543612251060553E-24    3.040417081880036E-7     -4.457236684465528E-7    1.3914035500892336E7-827363.1874380773i           1.4242481300716503E7
3.3087224502121107E-24    3.1575663290721403E-7    -4.457236684465528E-7    1.3131699818433443E7-814617.4931918829i           1.3485486444703855E7
1.6543612251060553E-24    3.1493360207967284E-7    -4.239959674058959E-7    1.299794893299722E7-804744.0765292641i            1.3693074840732832E7
1.6543612251060553E-24    3.555500665578169E-7     -4.4572366844655277E-7   9766998.184340185-699798.5598807359i              1.0192257552691778E7
0                         2.1400389587682244E-7    -4.457236684465527E-7    1.8570758354337633E7-852385.2834359696i           1.878211454042609E7
0                         2.1611376013759174E-7    -4.1265784208138033E-7   1.798552929051751E7-833979.9488079494i            1.8627546043560203E7
3.3087224502121107E-24    4.0481067694876277E-7    -7.106334885445178E-8    1630101.6567221652-137598.6986704442i             2.2010801231740497E7
0                         4.0481067694876277E-7    2.3721473678056144E-8    -971514.0005206+54431.360753282446i               2.346766054449955E7
6.6174449004242214E-24    3.8331229340881396E-7    -3.394459883762836E-7    7121645.0768169165-603540.099536604i              1.0787399742091876E7
-1.6543612251060553E-24   4.0481067694876277E-7    -3.9919901680121826E-7   5401661.592909365-531333.3121948453i              7716328.263682219
-3.3087224502121107E-24   4.048106769487627E-7     -3.4115748411427057E-7   5091120.646318182-525953.5126719075i              9390166.501590546
-3.3087224502121107E-24   4.0481067694876277E-7    -3.1657404149144293E-7   5254889.379825105-522649.73866052524i             1.0648255965016745E7
0                         3.624841859934109E-7     -2.1742384376173693E-7   6684617.231903764-467750.75758646027i             1.550404911709631E7
0                         4.0481067694876277E-7    -2.491234228295679E-7    4592526.842283905-450696.1497305772i              1.3753494102756435E7
-3.3087224502121107E-24   4.0481067694876277E-7    -2.218305523870462E-7    4190302.949192685-426308.4927983853i              1.499887116707445E7
0                         4.0481067694876277E-7    -1.847936517365227E-7    3638398.7615555883-359020.29941127746i            1.6895308462454796E7
3.3087224502121107E-24    4.0481067694876277E-7    -4.457236684465527E-7    5553849.133650286-579439.2726611245i              6491061.9784121
0                         4.0481067694876277E-7    1.360940974810027E-7     -2702505.2836413095+262884.1939538536i            1.8945089979981035E7
0                         2.2749097318003724E-7    -2.457370449823213E-7    1.2798093545769002E7-690453.8273139641i           1.4959213456377627E7
-3.3087224502121107E-24   2.3413233341041154E-7    -2.543701145832266E-7    1.2942808464022197E7-697357.3454842693i           1.5096036216429096E7
-8.271806125530277E-25    2.3440395028456402E-7    -3.2236736814764417E-7   1.5612530826438889E7-783928.7034436407i           1.6930467626498908E7
0                         1.5993522287077374E-7    -3.380866968469554E-7    1.8178311182295084E7-810207.7723620385i           1.862100970024292E7
0                         1.6759313036861802E-7    -3.2612549477155674E-7   1.793932658521169E7-807498.8844833343i            1.8462356722551446E7
0                         1.8911699668253973E-7    -4.419077192662658E-7    1.96548453338243E7-852029.3413377004i             1.985137789213633E7
0                         1.8667391565649347E-7    -4.457236684465527E-7    1.9909182506732754E7-839913.3089310238i           2.0061361936219458E7
0                         1.913342646905239E-7     -4.457236684465527E-7    1.975352067992015E7-846219.7965020576i            1.992985295894236E7
-1.6543612251060553E-24   1.396310857758312E-7     -3.5782484311461526E-7   1.9009997863574803E7-819672.8066046918i           1.936487241146212E7
-3.3087224502121107E-24   7.611575413599851E-8     -4.457236684465527E-7    2.1852930105356146E7-859018.689716435i            2.1894487496941093E7
8.271806125530277E-25     1.7748454918846015E-7    -4.457236684465527E-7    2.0038246610064264E7-854722.9882019057i           2.017773211755561E7
0                         0                        -4.4572366844655277E-7   2.2780492503926426E7-810859.9663331922i           2.2794919048235204E7
3.3087224502121107E-24    3.2009757832018636E-7    3.2677928377364126E-7    -1.1666369308262821E7+731164.8715553393i          1.4182225375768855E7
-3.3087224502121107E-24   3.0619600246222623E-7    3.3486896995387694E-7    -1.2796226181526013E7+773023.6664992365i          1.4644984331043795E7
-4.963083675318166E-24    3.0383053908689365E-7    3.1660022825710494E-7    -1.253259268375725E7+747899.4467029243i           1.5001709478589585E7
-8.271806125530277E-25    2.192539704550321E-7     2.947657511655832E-7     -1.5104392030757245E7+754990.4103422167i          1.6768306246000536E7
0                         2.3837125222619716E-7    3.146040095279286E-7     -1.524104717427579E7+772712.6522659231i           1.6571894894872172E7
-3.3087224502121107E-24   2.987758188315725E-7     3.49862275930646E-7      -1.3194083953538414E7+783252.961493409i           1.4830699640861183E7
3.3087224502121107E-24    4.0481067694876277E-7    1.622613169736564E-7     -3336520.6279999167+300235.8062242639i            1.790342013145858E7
6.6174449004242214E-24    3.7922861640659704E-7    2.5872567663945717E-7    -6248509.646753195+512292.03412592626i            1.3743827064625582E7
0                         4.0481067694876277E-7    2.5753493727551003E-7    -4448814.672570329+445742.3573917348i             1.3288720116486685E7
0                         4.0481067694876277E-7    2.0714308067700738E-7    -3996698.4465732686+343249.3124706691i            1.5790693503348565E7
0                         4.048106769487628E-7     2.79063042588469E-7      -4780408.686318565+479212.22668009653i            1.229049602299662E7
3.3087224502121107E-24    4.0481067694876277E-7    3.379968755225224E-7     -5314739.533799424+548331.9881323009i             9569068.127386933
-3.3087224502121107E-24   3.784650435248287E-7     3.533711258179332E-7     -7592145.964187975+632877.2718298613i             1.05233722840413E7
-3.3087224502121107E-24   4.0481067694876277E-7    3.6038578813905066E-7    -5381540.385205046+554088.5898228904i             8603798.214016324
8.271806125530277E-25     2.1870583030792516E-7    4.1491011538750973E-7    -1.792641221835293E7+836003.4466497102i           1.8552064825696547E7
3.3087224502121107E-24    3.3029999519553334E-7    4.308186424710969E-7     -1.1938194847232953E7+781340.5632290982i          1.2643523301985938E7
0                         3.157566329072141E-7     4.4572366844655277E-7    -1.3203907218942208E7+824768.6476548888i          1.3563230677322125E7
0                         3.555500665578171E-7     4.457236684465527E-7     -9781089.200905852+702136.2978989267i             1.0214895517237468E7
0                         2.140038958768217E-7     4.4572366844655277E-7    -1.856341200652069E7+854448.357203085i            1.8782698084507745E7
-1.6543612251060553E-24   3.040417081880036E-7     4.4572366844655277E-7    -1.3790919254735706E7+817621.6056378601i          1.4130422140640214E7
-6.6174449004242214E-24   3.1346570626984056E-7    4.252272709540098E-7     -1.3048241757356321E7+802343.4478594754i          1.367489035019067E7
0                         4.0481067694876277E-7    4.099925578214459E-7     -5501167.364788679+547119.8862571213i             7309279.937879439
-8.271806125530277E-25    2.0391193386512348E-7    3.133088118671505E-7     -1.6473584322049916E7+770375.5433463411i          1.7444451088258035E7
0                         1.866739156564935E-7     4.4572366844655277E-7    -1.982975082592842E7+843255.4287623523i           1.9978711755547963E7
0                         9.946902311506326E-8     3.227972936925604E-7     -1.8962499324086066E7+792593.6029673952i          1.915821774631528E7
1.0587911840678754E-22    0                        3.320837385612162E-7     -1.974572264411667E7+809193.9662913482i           1.976257212882238E7
0                         9.754913313934993E-8     3.27493234507198E-7      -1.9071201611275077E7+795649.9838009451i          1.9256851407873724E7
3.3087224502121107E-24    7.611575413599854E-8     4.457236684465528E-7     -2.1889831622639123E7+857255.7492183106i          2.1931203028502706E7
0                         1.7748454918846047E-7    4.4572366844655277E-7    -2.0038246610064268E7+854722.9882019528i          2.017770207524226E7
0                         0                        4.4572366844655277E-7    -2.278049250392642E7+810859.9663332506i           2.2794919048235197E7
-8.271806125530277E-25    2.101473059029679E-7     3.08022941317334E-7      -1.6365422888476262E7+761619.9966868807i          1.7399819083873056E7
0                         1.9134251536632702E-7    4.4176598740277313E-7    -1.9625079213264514E7+850417.4321049906i          1.984248707225719E7
3.3087224502121107E-24    4.0481067694876277E-7    4.457236684465527E-7     -5553849.133650291+579439.272661137i              6491895.691006551
0                         1.913342646905238E-7     4.4572366844655277E-7    -1.975352067992016E7+846219.7965021087i           1.9930291695399724E7
0                         9.688521219864761E-8     3.206212832158238E-7     -1.9101184106896643E7+784449.3895430692i          1.9271665328345057E7
