% Model:              omc_unitcell_iso.mph
% Version:            COMSOL 6.2.0.658
% Date:               Jul 1 2026, 11:45
% Dimension:          3
% Nodes:              305
% Expressions:        2
% Description:        Electric field, y-component, Electric field norm
% Length unit:        m
% X                       Y                        Z                        ewfd.Ey (V/m) @ lambda=1.3E-11                    ewfd.normE (V/m) @ lambda=1.3E-11
-3.3087224502121107E-24   3.11640147700064E-7      -1.1976618988071797E-8   -14510.281004209724-181234.19424923515i           6562104.869634921
8.271806125530277E-25     3.251713317899763E-7     -4.5402139950156244E-8   -378407.2142703698-209107.51003998859i            7008231.303884584
3.3087224502121107E-24    3.341587528859366E-7     2.3248404524220318E-23   -97086.53755481828+11841.066727721904i            6989696.679659327
3.3087224502121107E-24    2.1377803373446657E-7    -8.98969548131277E-8     -866374.0085884671+8598.57207836237i              4347852.261408476
3.3087224502121107E-24    2.873933361043472E-7     -1.114077343861201E-7    -895569.1241324026-73598.48216199069i             6829666.219548807
0                         3.182396563385692E-7     -6.343381124083152E-8    -682849.8145140741-129587.23296641947i            6800886.931143683
-1.6543612251060553E-24   1.99411942363288E-7      -1.1418858509067949E-7   -1373844.0258447104-27228.94871257458i            4320489.811066023
0                         2.1845653395423077E-7    -1.6518554386307116E-7   -1511608.2765754396-214795.9809586521i            5516097.606269179
3.3087224502121107E-24    2.4663417250518805E-7    -1.4426116112124456E-7   -1461566.3947450758-78704.36233648672i            6033197.636560369
-1.0339757656912846E-25   1.1513907745767914E-7    -2.0461885748524736E-7   -82738.32372695753-1747559.840545104i             4639886.155826069
4.1359030627651384E-25    2.5720174943636357E-7    5.1192065844283316E-8    389503.39391991246+255776.4265813385i             4590018.451358599
0                         2.538559103127853E-7     5.584570174921412E-8     413723.7757417301+249677.62784548633i             4525998.113088036
0                         3.24970696555981E-7      5.0869258428683064E-8    372832.49504155316+214294.03938438697i            7006416.507291608
0                         3.258812924319995E-7     4.569473248067654E-8     278538.21911615663+245916.52194353013i            7006752.115027536
-3.3087224502121107E-24   2.951442792554136E-7     1.024258598957873E-7     818361.2014695576+133341.28362310774i             7076859.646705785
0                         3.221038368927431E-7     5.584714369209338E-8     475284.9967681833+144254.49460911873i             6894972.509126463
0                         2.5315329523993733E-7    6.001853845885086E-8     418962.3724287145+36063.17613479126i              4748801.221199937
0                         2.5085145295922413E-7    5.462592438847495E-8     361689.21212177083+171508.30875904314i            4466092.348930484
-1.6543612251060553E-24   1.8936295177487544E-7    -5.345153217925148E-8    -159182.96422665025-202262.30937981937i           3130502.42488579
0                         3.0382501758412077E-7    -4.485991782714857E-8    -362415.3075189582-271858.2469716383i             6137013.444356461
0                         3.232695709983424E-7     -5.53045889386516E-8     -556024.4139074325-213857.03299968113i            6977574.640484915
3.3087224502121107E-24    2.3887937212247125E-7    -7.0981566033776E-9      51613.90614535663-209797.91999545638i             3936731.9018066665
0                         2.1590675670731769E-7    1.6443578411235084E-7    1379867.5721172995+525563.5662236526i             5155906.0726521155
8.271806125530277E-25     2.0626333866638028E-7    1.6851892779815737E-7    1355649.540651555+804596.4783132246i              4913890.606631668
8.271806125530277E-25     2.478102917674804E-7     5.7999085052770066E-8    429783.0599925015-48437.50368242281i              4563453.354168375
8.271806125530277E-25     2.0848700466590606E-7    1.7050596155886884E-7    1359481.5315630666+846240.0841469741i             5221281.15047219
3.3087224502121107E-24    1.8845011221180134E-7    -7.933319908910908E-8    -514389.1095938479-209526.03184391747i            3057828.6581802443
-1.0587911840678754E-22   0                        -2.184438086758795E-7    1800319.4536009983-2597482.2070869417i            3314134.326703708
6.6174449004242214E-24    7.412316040165247E-8     -9.059081845819273E-8    -578959.8336976378-216357.17875107i               2596387.753313014
0                         1.1222187758084808E-7    -2.0359382100811807E-7   172802.15316391597-1687188.352243158i             4341125.02697746
-1.6543612251060553E-24   1.6148098076991665E-7    -8.194116355486126E-8    -466456.2079946371-272017.94845199323i            2409724.404339556
0                         1.1244237034527167E-7    -2.0569679271964817E-7   -127890.37687650762-1740106.616624487i            4649353.238803917
0                         1.114934002831982E-7     -2.0583860403134034E-7   151415.45845192106-1769409.504112331i             4427198.900043381
0                         2.0046547469079038E-7    1.684949217441033E-7     1242338.0957018528+706952.729831979i              4630697.685136887
-3.3087224502121107E-24   1.1811756029585402E-7    1.0937180041687409E-7    556855.9411860355+382076.58924141346i             2434967.629291385
0                         9.892122696120922E-8     2.0811770775040243E-7    -676552.792376261+1982156.5032587661i             4477244.232819424
-1.0587911840678754E-22   0                        2.1844380867587958E-7    -1979615.8952536308+2488489.406094483i            3378016.4649325097
8.271806125530277E-25     2.040893509695161E-7     1.7271580831706605E-7    1424357.4040934036+829307.702217016i              5018996.030806976
0                         9.901265081548767E-8     2.086243933096728E-7     -460892.5597826587+1956884.6205099574i            4606093.570651086
-1.0339757656912846E-25   9.844532377288113E-8     2.0870917300429743E-7    -667724.8697821363+2065694.7673911497i            4545153.349634067
0                         4.3156852068532967E-7    -9.441573109727262E-8    -1353564.1810090954+919676.9843185528i            7907772.824191792
3.3087224502121107E-24    4.0481067694876277E-7    -7.106334885445178E-8    -1028137.846356562+1151864.4148517253i            7061942.916112711
0                         4.0481067694876277E-7    -1.2247503680099905E-7   -1748862.4406647438+537497.957169348i             8939513.596252343
3.3087224502121107E-24    4.2236659387354457E-7    -3.3156600261566373E-7   -3013556.1484237434+131208.36162800126i           1.3220960585130207E7
-3.3087224502121107E-24   4.0481067694876277E-7    -3.1657404149144293E-7   -2782020.136241456-440694.1466876802i             1.298202583315283E7
-3.3087224502121107E-24   4.048106769487627E-7     -3.4115748411427057E-7   -2659645.484267609-808194.1294479236i             1.36754772090868E7
0                         4.502508420350996E-7     -2.9324605695653366E-7   -2894009.328364487+503575.0595644571i             1.1930148779199656E7
0                         4.561468564307357E-7     -2.3347254581814542E-7   -2565194.5617638985+443144.0867842418i            1.133168377989359E7
-3.3087224502121107E-24   4.0481067694876277E-7    -2.218305523870462E-7    -2481961.5632011555+182984.46971105097i           1.1910709049402732E7
0                         4.0481067694876277E-7    -2.491234228295679E-7    -2581313.373602423-226698.6838078075i             1.2291046956894532E7
0                         4.0481067694876277E-7    -1.847936517365227E-7    -2465094.3691593953+1238253.3905101896i           1.0346409234659962E7
0                         4.997136481438985E-7     -5.4578163674120465E-8   -613824.1592163547+355238.8275764329i             5086883.799602269
3.3087224502121107E-24    4.489461804632103E-7     -5.6775778379933294E-8   -745714.0563470424+244737.8523296384i             5341602.999584159
3.3087224502121107E-24    4.4989759452706147E-7    -1.6556817874517087E-8   -159736.81338646603+410354.9194457715i            5523011.878373893
3.3087224502121107E-24    5.064721380278715E-7     -9.25383604059818E-8     -1034840.9966358361+71779.01500127095i            6508302.298014504
-3.3087224502121107E-24   4.814698782554942E-7     -7.107843754157303E-8    -884270.0046657656-72883.55762806378i             5589714.865556742
0                         4.0481067694876277E-7    2.3721473678056144E-8    310509.12756513356-119051.81775063074i            6589586.259476661
-3.3087224502121107E-24   4.0481067694876277E-7    -2.908572125757574E-8    -496544.97879009607+428984.08578553924i           6724204.352448822
0                         4.375981764020514E-7     -1.443441900957181E-7    -1687633.3837216876+81245.43769460202i            8474804.029431447
-3.3087224502121107E-24   4.993313195216967E-7     -2.159181114847459E-7    -1991583.3241070923-559738.2773037349i            1.066085752849878E7
0                         5.165759812286529E-7     -1.5276612097377223E-7   -1570061.4939697077+421951.54264973936i           8868745.735546067
0                         4.777461392223046E-7     -1.1661254719235383E-7   -1267786.5416826764+578711.5511700505i            7474166.0601588525
1.6543612251060553E-24    6.117018165168023E-7     -2.3743763663215706E-7   -2182797.5434930515+129844.53414586216i           1.2760091817925517E7
-1.6543612251060553E-24   4.569758984411236E-7     -3.472823263841108E-7    -3079926.557965135+340762.02193612384i            1.306855574697966E7
-1.6543612251060553E-24   4.0481067694876277E-7    -3.9919901680121826E-7   -3395260.9661331996+663.4520543364342i            1.3490354545941865E7
3.3087224502121107E-24    5.081525458428524E-7     -3.9970774983858666E-7   -2668495.037373258-2121.20766449937i              1.4074162516159607E7
3.3087224502121107E-24    4.962314594314798E-7     -4.457236684465527E-7    -2727825.3778716535-68677.75828658929i            1.4476500584818058E7
3.3087224502121107E-24    4.2957613825231527E-7    -4.457236684465527E-7    -3138649.0940183415-441670.4770761816i            1.3511511252686048E7
3.3087224502121107E-24    4.0481067694876277E-7    -4.457236684465527E-7    -3787410.4674351006+665177.4037196896i            1.4862186492044108E7
3.3087224502121107E-24    7.584990733679616E-7     -3.525345509788203E-7    -2331618.927860151+859183.099257241i              1.7225812732821777E7
1.6543612251060553E-24    6.455923658273635E-7     -2.9779599197226205E-7   -2313724.6421211613+346980.56641088234i           1.4716439574414868E7
-1.3234889800848443E-23   6.594171668704031E-7     -4.457236684465528E-7    -2603459.027042353+460430.6026129731i             1.7706542894561976E7
0                         7.115433440389336E-7     -4.4572366844655277E-7   -2768302.508711715+1179430.4680339266i            1.787624678110355E7
0                         6.13672952558064E-7      -4.457236684465528E-7    -2431348.1124032773-557441.7481900073i            1.6618381110877259E7
0                         5.835703006909465E-7     -3.9683597509188217E-7   -2542542.3442072915-444122.2941270266i            1.5523175231961176E7
1.6543612251060553E-24    5.073206154392238E-7     1.6639490242751647E-8    212442.99426808875+323996.881558926i              5477931.917012578
0                         4.872041077290517E-7     5.2308274107395806E-8    613893.5098511259+85065.57236854141i              6016594.477472357
0                         4.0481067694876277E-7    1.360940974810027E-7     2047140.97577714-732798.4860395144i               9372158.073895592
0                         4.0481067694876277E-7    5.720766611629198E-8     848079.9447047214-676703.9895804645i              6773116.16540302
0                         4.862892861970411E-7     7.59710070016916E-8      909067.7703121591-308022.162844077i               6136643.077505724
6.6174449004242214E-24    1.7939660431371156E-7    5.0528916286388705E-9    85753.26880632632-64492.49760446473i              4061741.2227031016
0                         2.459427215263416E-7     5.2736472453813216E-8    425024.0934385387+138193.21119618212i             4460344.306735609
3.3087224502121107E-24    1.5707454531081041E-7    6.25005572267353E-8      109740.0014868282+438903.3408506545i              3177962.7321535004
6.6174449004242214E-24    2.1433983851951722E-7    7.1700210684364934E-9    17043.3841044504-106325.47559062153i              4842163.335290668
0                         2.49260976348461E-7      5.607337329607634E-8     371521.4799543069-89818.09637735317i              4672999.867282646
-1.3234889800848443E-23   6.246188711819906E-7     3.9309164022119866E-8    372281.58105009334-77961.54275511522i             3871993.4945404185
0                         5.960440285226311E-7     2.988217108289382E-8     279543.95488421293-305962.8441073895i             3853004.4770073565
-1.6543612251060553E-24   5.631430720862984E-7     6.27649824210615E-8      677674.50177214+72331.3336871268i                 4528952.62279131
-1.6543612251060553E-24   6.691471139469493E-7     -6.92448852235418E-8     -722994.8178370978-21060.77239671523i             6412867.060551483
-1.6543612251060553E-24   4.4978337932055604E-7    1.5899387636454964E-7    1767120.8884200705-198727.59022321284i            8674050.923807463
0                         5.281021162220563E-7     1.0122790767266414E-7    1035479.9334514696-194198.47205044268i            6307136.447155443
0                         5.408635932871615E-7     1.6874223547965604E-7    1632414.0159351483+280189.5719842651i             9355952.22280476
0                         5.191967007498003E-7     7.363267056516884E-8     773210.2866200035+19253.71226437867i              5204157.699980548
0                         1.2144320308462883E-6    -4.4572366844655277E-7   294165.9953494617+1507321.2753710696i             1.6805371787411124E7
0                         9.711902279227485E-7     -1.706099099539873E-7    -779787.7961681028+951516.9462084876i             1.0743610439654859E7
5.790264287871194E-24     9.829586933867662E-7     -1.6127963750351202E-7   -746913.9152173029+703185.6778035288i             9773725.306233617
1.3234889800848443E-23    1.214432030846288E-6     -1.0860767275448962E-7   223315.81176089082+489370.63801289327i            5708998.418968156
1.3234889800848443E-23    9.682376450528536E-7     -1.6514818570509336E-7   -701338.4962069518+1173733.631272602i             1.0425408638546754E7
1.406207041340147E-23     9.726521862409165E-7     -1.6285283285125584E-7   -726467.8083023246+891983.854175275i              1.0089235890119694E7
1.6543612251060553E-24    9.626704923717386E-7     -1.6119038765285642E-7   -749951.3877276983+831838.4770439233i             9893804.528377322
1.6543612251060553E-24    9.754909361905512E-7     -1.5889962744497584E-7   -674125.1234053613+848728.22214972i               9599045.061292728
8.271806125530277E-25     9.387796828040267E-7     -1.92233150566557E-7     -1037417.7964543678+897798.8420259594i            1.1824804003803665E7
6.6174449004242214E-24    8.550869066977325E-7     -3.054656588009247E-8    -255289.4021571483+215841.9693279506i             2862359.0200991044
-6.6174449004242214E-24   7.891679577345008E-7     -7.479479087737868E-8    -779658.7992610045-127349.62386785327i            5290280.397884119
1.3234889800848443E-23    7.97048117412347E-7      -6.302097202391355E-9    137323.2621365728+353562.2476050132i              3015770.8642746178
6.6174449004242214E-24    7.520580860383995E-7     -1.3288742342409566E-8   27639.997501467416+162256.23874583968i            2623260.0730286483
0                         7.054127686436632E-7     -1.0157113773708578E-7   -1017012.9684402158+222088.15904842218i           6663731.089395542
3.3087224502121107E-24    5.052561387145081E-7     -2.446466948904555E-7    -2002729.2081496357-616802.6371679262i            1.176274712584013E7
0                         6.247238596707543E-7     -2.5434599037638164E-7   -2266701.6770402226+232890.41471907168i           1.3296646162871467E7
0                         5.214366592560964E-7     -3.381466525268136E-7    -2372828.920583615-670650.8348081937i             1.3998436852582589E7
-1.6543612251060553E-24   6.30222716919134E-7      -2.3418625134157275E-7   -2148757.289587292-54558.39387082134i             1.2655692889092093E7
6.6174449004242214E-24    5.576046715284379E-7     -1.2432629581684775E-7   -1277695.9885645485-383496.44482315687i           7555726.74780128
0                         5.49458049142369E-7      -5.2424835329014184E-8   -416103.11205640214+488073.2777620604i            4806716.548404202
-1.6543612251060553E-24   6.772966468641454E-7     -1.1254496970161925E-7   -1076632.810154535+168081.85382270603i            7286671.24911356
0                         7.589645985661259E-7     -1.6652353284211032E-7   -1199887.239047327+775939.4587108551i             1.0580343349987939E7
0                         7.894428415806573E-7     -2.946914164752046E-7    -2126021.688663092+712856.0245834241i             1.6237855475699876E7
-1.6543612251060553E-24   6.480993456055181E-7     -2.4946320709047333E-7   -2154896.305447413+68828.37490869318i             1.3249654807365915E7
1.6543612251060553E-24    6.929039943739884E-7     -1.2131650012357304E-7   -1079456.7411902852+316422.52355901536i           7773277.687416653
1.6543612251060553E-24    6.387782450892036E-7     -2.640761444177972E-7    -2254074.7518953905+212618.32694353542i           1.3792160762559127E7
0                         7.742683920110035E-7     -3.156157027512449E-7    -2252589.365513371+914692.0538134321i             1.6710059591348816E7
-3.3087224502121107E-24   5.495370825295924E-7     -3.5901745045618887E-7   -2419610.0290231486-509503.47187729116i           1.4553130719432414E7
0                         8.518735131742949E-7     -4.457236684465528E-7    -1920404.7194092257+1301342.8514077354i           1.881320966339812E7
0                         8.064277864561567E-7     -3.349980882823954E-7    -2112933.7572419625+878987.6967013715i            1.7388891148436334E7
-3.3087224502121107E-24   4.3658923736319153E-7    2.472402499771893E-7     2716210.5321972636-554011.6414427715i             1.1292392789802404E7
0                         4.0481067694876277E-7    2.5753493727551003E-7    2541541.4338657307+594000.882861992i              1.2370568064876057E7
0                         4.0481067694876277E-7    2.0714308067700738E-7    2691990.606248641-649081.0011996198i              1.0603581529594533E7
-2.6469779601696886E-23   7.245654816930181E-7     6.376431187878918E-8     575934.0222843935-238621.61151383314i             5008586.637322961
0                         6.930442476933175E-7     5.100816087261462E-8     418555.2553111746-310212.1100273365i              4518749.731383403
1.6543612251060553E-24    6.926043182087825E-7     -8.272410280721334E-8    -914958.5741572345+81505.96949181968i             6975808.211833958
0                         4.048106769487628E-7     2.79063042588469E-7      2806987.3594703553+39744.5043359542i              1.286644201449896E7
3.3087224502121107E-24    4.0481067694876277E-7    3.379968755225224E-7     2969972.0396111114-36034.26803479972i             1.3444834959895082E7
0                         4.7333691249732846E-7    3.3810438509062026E-7    2530266.6739743534+595503.6295993411i             1.3017694713188017E7
0                         4.7278923339143395E-7    3.314883455331893E-7     2684014.787148725+262719.809550381i               1.3211614214629536E7
-3.3087224502121107E-24   4.0481067694876277E-7    3.6038578813905066E-7    2928699.734319942+179819.3142509109i              1.3768056190629717E7
0                         4.0481067694876277E-7    4.099925578214459E-7     3593776.8157483456-451960.62218571175i            1.367250390168533E7
0                         6.509859582013704E-7     1.3255461462843295E-7    1330444.9266467658-21863.60858890735i             8268328.510062357
0                         6.705836698145423E-7     1.485399450120071E-7     1444037.5376432687-39682.702073980196i            9041305.95040474
0                         6.578698432351904E-7     1.5991641382153506E-7    1503285.1726729511-73631.80763254438i             9721712.029321231
0                         6.410384686553871E-7     1.6274714920797545E-7    1574479.2092331357-141821.90221916712i            9640202.223033158
0                         4.788499947104467E-7     3.425026801200342E-7     2653813.599224634+266571.2597699921i              1.3244554347459972E7
1.6543612251060553E-24    4.2957613825231527E-7    4.457236684465527E-7     3184662.9033905338+317283.4441555309i             1.3616125669127094E7
0                         4.962314594314798E-7     4.457236684465528E-7     2727825.377871653+68677.75828657928i              1.4474762852508591E7
-6.6174449004242214E-24   5.643604176755028E-7     2.482016625425285E-7     2090249.2938929044+60952.19728457233i             1.2577419507873798E7
0                         6.526453161246262E-7     1.8190332702945102E-7    1622503.9084434288-265882.47650341387i            1.0557909026912272E7
6.6174449004242214E-24    6.41117934249498E-7      2.923429392833327E-7     2470853.2402578564-580045.3642743077i             1.4698405396501953E7
-6.6174449004242214E-24   5.761765813329171E-7     2.9910786931305563E-7    2260736.428860952+346807.33916732145i             1.4490930899178429E7
0                         4.820829262188099E-7     3.355042066868296E-7     2772357.7130162166+25136.760626874908i            1.310336471673677E7
0                         4.211107416564642E-7     1.7500732835666212E-7    2445856.1774005014-813563.3374804528i             9997621.452265088
3.3087224502121107E-24    4.0481067694876277E-7    1.622613169736564E-7     3001704.517389311-1535017.2583311892i             1.0808919209638191E7
0                         5.122042016630905E-7     2.1271907331504992E-7    1813079.9477994037-170416.55283586206i            1.1510525821497196E7
0                         4.786782271399676E-7     3.345049319927811E-7     2778370.1345099676-22412.375266586954i            1.3479201527269578E7
6.6174449004242214E-24    9.170441589635832E-7     1.3913097951325565E-7    442751.52692480944-853803.8448799707i             1.0023865001786489E7
1.6543612251060553E-23    8.840109665589397E-7     1.555873715367559E-7     717317.3793892637-693052.4311645861i              1.0477870598119354E7
0                         7.191376553515902E-7     1.6671927879709242E-7    1440736.498114923-243930.4426654756i              1.0192267820483208E7
-6.6174449004242214E-24   8.582082660181202E-7     2.0329463399612063E-7    1404492.7679328248-390870.6422004029i             1.2410958293890508E7
1.9852334701272664E-23    9.168045775200016E-7     1.838839511341664E-7     1189782.8055525683-1100943.100535909i             1.1537184876983454E7
-1.3234889800848443E-23   8.947124546920311E-7     2.1609288361610416E-7    1499753.412944139-858268.5111487394i              1.2783080792559877E7
5.293955920339377E-23     1.2144320308462883E-6    1.3163477256883595E-7    -165371.47468492348-362113.38673040934i           7324695.948893031
0                         1.2144320308462883E-6    4.4572366844655277E-7    -305643.00192710105-1570976.3119463802i           1.68043051574715E7
-6.6174449004242214E-24   1.2047294125653607E-7    -5.4177059992643494E-8   -535058.3337016822-107210.28792160316i            2621156.4845676087
0                         2.429292671279745E-7     5.948826477865517E-8     499625.55767370574+140312.59077765557i            4413153.488986088
6.6174449004242214E-24    0                        4.436886207510373E-8     -15145.34286143753+325570.9020179948i             428076.6698358744
6.6174449004242214E-24    5.812045785468935E-8     -2.552427027151395E-9    -32223.30421506078+27244.96080586817i             644559.1281620603
6.6174449004242214E-24    0                        -4.436886207510373E-8    81654.65297368997-257738.3123808169i              368367.4315461074
0                         7.655579962140228E-8     6.542684884060526E-8     61678.96443493039+548470.7417568722i              1163247.9002407033
0                         6.866435007000858E-7     -1.0938876761640242E-7   -1113302.8626818073+128750.40274769808i           7211092.812101771
0                         4.771927731982387E-7     3.36489827235441E-7      2634407.168543782+299075.78702508274i             1.4149914860955471E7
3.3087224502121107E-24    4.0481067694876277E-7    4.457236684465527E-7     3787410.4674350973-665177.4037197015i             1.4867200061399538E7
0                         6.651249287303628E-7     1.6790702109120413E-7    1491388.9622933362-162331.1361022213i             1.0244613773753302E7
4.1359030627651384E-25    4.867723564772883E-7     3.418091714985628E-7     2636212.009067487+342328.3415584893i              1.2924977223401854E7
-6.6174449004242214E-24   6.136729525580642E-7     4.457236684465528E-7     2430194.095160736+431916.6555592702i              1.673947071693314E7
0                         6.881616988740355E-7     3.978295959370143E-7     2518314.26478054-732673.249504886i                1.727387668267369E7
6.6174449004242214E-24    6.594171668704033E-7     4.457236684465528E-7     2566871.264185224-392000.819326618i               1.766150269511147E7
6.6174449004242214E-24    6.400077995513397E-7     4.145395176181685E-7     2318030.7964576436-142984.36112166857i            1.736516068442483E7
6.6174449004242214E-24    7.115433440389337E-7     4.457236684465528E-7     2768302.5087117134-1179430.4680339321i            1.7877575456298772E7
0                         6.653123572430028E-7     1.7967980069664388E-7    1580269.3402760287-266355.44119757914i            1.073778695973531E7
6.6174449004242214E-24    7.079823640439226E-7     3.146782694854729E-7     2283979.4157216838-648159.322227559i              1.6284625533384329E7
0                         8.518735131742948E-7     4.457236684465527E-7     1957416.0786143232-1172253.6260087637i            1.8826142722055316E7
0                         7.868661569218205E-7     3.7218715107475933E-7    1834388.7321741872-457536.7465117259i             1.7714944279605597E7
-3.3087224502121107E-24   3.713163589710846E-7     2.28719275193699E-8      22521.24099428654+15240.12336174364i              7031919.087488821
0                         3.258812924319995E-7     4.569473248067654E-8     324141.2297097104-1323879.521654552i              6582443.434987566
3.3087224502121107E-24    3.341587528859366E-7     2.3248404524220318E-23   -62347.36492398209-71836.83401419036i             6995339.304942138
0                         3.67742134455443E-7      -2.622766939059858E-9    12563.360169471931+60091.962646434615i            6484862.902337057
-3.3087224502121107E-24   4.0481067694876277E-7    -2.908572125757574E-8    -71381.24570202081-51006.09009220967i             6636831.517890564
1.6543612251060553E-24    3.349284580711162E-7     -4.838043261769996E-8    -288829.8561714458+1387698.1526226767i            6473509.733495364
8.271806125530277E-25     3.251713317899763E-7     -4.5402139950156244E-8   -219553.258758961+1414864.5939266332i             6660373.263070187
0                         3.2584904163317056E-7    5.4761703028297576E-8    207168.55042064772-1728483.7612548356i            6564215.778710799
0                         3.24970696555981E-7      5.0869258428683064E-8    180271.1244555152-1693572.5342134787i             6607096.113766993
0                         3.221038368927431E-7     5.584714369209338E-8     208133.86647808293-1701508.2958789645i            6380443.734508223
0                         3.905486564586962E-7     1.5070927513429238E-7    538527.7315284243+215104.17326720658i             9810518.49870622
-1.6543612251060553E-24   3.695278543888481E-7     1.425007216743512E-7     661280.4397186068-537577.4109810112i              8643196.753797492
-3.3087224502121107E-24   2.951442792554136E-7     1.024258598957873E-7     669392.0879255382-1833638.5134693633i             5754872.528115536
0                         4.0481067694876277E-7    5.720766611629198E-8     146747.41024242245-231040.8035737643i             6635772.255489443
-8.271806125530277E-25    3.3156828818064024E-7    5.3161048325825355E-8    296921.22276336845-1493257.4554734263i            6477890.174030309
-3.3087224502121107E-24   3.538787295229262E-7     -1.2398315886083805E-7   -944535.1910365436+1191053.8308154736i            8162456.936692665
0                         4.0481067694876277E-7    -1.2247503680099905E-7   -339206.0422071351-160152.86155622048i            8617042.749324264
8.271806125530277E-25     3.3638825816599775E-7    -6.395905135374167E-8    -289706.50552343036+1484895.8331210073i           6430127.649711885
0                         3.182396563385692E-7     -6.343381124083152E-8    -430321.4057323456+1960263.6717817348i            6203892.687808852
3.3087224502121107E-24    2.873933361043472E-7     -1.114077343861201E-7    -729033.5288539696+1806825.7080777085i            5569138.767912137
-3.3087224502121107E-24   3.015852552501473E-7     -1.6685527697298306E-7   -569682.452514865+991625.5002610814i              6953802.564123355
0                         3.232695709983424E-7     -5.53045889386516E-8     -212554.83954228545+1895140.5753168447i           6499160.612615409
-3.3087224502121107E-24   2.623301555560212E-7     -1.838422404158222E-7    -1113059.8599651242+1039266.2058054965i           5408803.532942085
0                         2.1845653395423077E-7    -1.6518554386307116E-7   -1237396.7063344973+1235743.2450123082i           3755188.8934749793
3.3087224502121107E-24    2.4663417250518805E-7    -1.4426116112124456E-7   -1406660.058275624+1660523.1629778608i            4193443.6943278764
-3.3087224502121107E-24   3.0650930569558767E-7    -2.1794848318051102E-7   -1283508.9382063854+1049491.449255329i            7902912.518205309
3.3087224502121107E-24    2.470772530883222E-7     -2.3543370847644549E-7   -1540936.9504925627+1088252.0966585604i           6596617.8843939975
0                         2.2069103669620642E-7    -2.2885546097923546E-7   -1562108.40404908+1129242.026331152i              5676096.505437653
8.271806125530277E-25     1.9445774481720757E-7    -2.8327782105937676E-7   -69368.3266781553+238104.1131399238i              9199944.920601938
0                         1.183621861921214E-7     -2.078816710009919E-7    129409.38230728761-1026524.3767531606i            3867886.586610384
-1.0339757656912846E-25   1.1513907745767914E-7    -2.0461885748524736E-7   113393.73072983965-1161500.3211224433i            3800187.548623977
0                         3.0257191062034473E-7    1.576897610256885E-7     1748513.270279174-2091567.4292537274i             6854322.999646608
0                         2.1731686092286983E-7    1.7520511471491508E-7    1216902.943983417-1314489.221693917i              3314285.4743754
-3.3087224502121107E-24   3.111376090332974E-7     2.2109966464668137E-7    1380766.7494065291-1185127.9793461899i            8602303.657156827
0                         2.1590675670731769E-7    1.6443578411235084E-7    866338.1302555884-1499245.6104661492i             2853849.5225143097
-1.6543612251060553E-24   3.7398138207890795E-7    1.7497596113962513E-7    1181198.2404477864-750095.5806313375i             9345055.56748148
8.271806125530277E-25     2.0848700466590606E-7    1.7050596155886884E-7    938839.8135570517-1225563.9906421022i             2522104.7466900176
0                         1.610450647624651E-7     -3.1113300659520074E-7   1683103.8447638545-551489.0446559013i             1.1199974284110175E7
0                         1.1244237034527167E-7    -2.0569679271964817E-7   192519.37679858008-1374292.2433928768i            3936983.607205069
0                         1.5542147801101528E-7    -3.257577205699684E-7    2096939.628544764-620957.7984067403i              1.1111991460389942E7
0                         1.1210284432675364E-7    -2.0657976494489885E-7   274499.09758944984-1394323.0838405837i            4118088.736720612
0                         0                        -3.3208373856121613E-7   6358936.013129094-3024959.7086651195i             7122493.401137007
-1.0587911840678754E-22   0                        -2.184438086758795E-7    2242006.247468771-2735040.4363469025i             3552794.100360309
0                         1.114934002831982E-7     -2.0583860403134034E-7   46436.89765093096-1119449.5688238512i             3475946.958714319
-8.271806125530277E-25    2.043848287327706E-7     3.01824057255159E-7      -298556.14304873056-151178.47612814332i           9053236.99317018
0                         9.901265081548767E-8     2.086243933096728E-7     -719954.6478882646+1748158.479960549i             4148784.85226091
8.271806125530277E-25     2.040893509695161E-7     1.7271580831706605E-7    681378.1809430076-1282846.8507061852i             2704652.6937084063
8.271806125530277E-25     2.0806462318456905E-7    1.7420550492035314E-7    911394.3295555582-1373832.7175366124i             2905844.946960837
-8.271806125530277E-25    2.0890160161240936E-7    3.0351667623886993E-7    198635.35922486195-347125.4917103082i             9336203.65666142
-8.271806125530277E-25    2.0375301438726548E-7    3.067090812444527E-7     -279215.73184203333-293814.788161665i             9365944.164025845
-1.0339757656912846E-25   9.89591295183069E-8      2.0903820604204621E-7    -687284.6726315308+1489198.9605647027i            4328038.378927723
-1.0339757656912846E-25   9.844532377288113E-8     2.0870917300429743E-7    -543145.837876712+1333734.4123948778i             3913375.3137317915
-1.0587911840678754E-22   0                        2.1844380867587958E-7    -2237485.1847436354+2620197.1811415814i           3450244.9113199934
0                         9.688521219864761E-8     3.184452727390873E-7     -3629004.999047428+1360585.718475764i             8907211.603929762
0                         9.940305354074083E-8     3.2005765833954787E-7    -3172789.2195143746+1108901.6092553856i           9659573.208306268
1.6543612251060553E-24    2.975031488633426E-7     -2.9339614738355517E-7   -1927460.730963166+1321703.6842648694i            7593681.826037293
6.6174449004242214E-24    2.917936601563077E-7     -3.1736775741026994E-7   -1783983.847303931+1145144.7937656243i            7964869.010240841
0                         3.1858335174886756E-7    -3.122210637167122E-7    -2042621.8866375901+1175055.0692524633i           8899750.65221079
3.3087224502121107E-24    3.005644256617372E-7     -3.2556268764508506E-7   -1681499.3843222328+1038371.0047264624i           7900087.7887996305
4.963083675318166E-24     2.889914814077966E-7     -3.3208997454653474E-7   -1667883.5400261872+1095205.7812064476i           8317083.958768478
1.6543612251060553E-24    3.005211138875588E-7     -4.339063223617766E-7    -1388855.817773095+1259133.6485381466i            8623663.309047263
1.6543612251060553E-24    3.040417081880036E-7     -4.457236684465528E-7    -1466987.1444984535+1138669.9704566784i           8507241.071272848
3.3087224502121107E-24    3.1575663290721403E-7    -4.457236684465528E-7    -1555825.2762433821+1083099.5090564822i           8189485.662695159
1.6543612251060553E-24    3.1493360207967284E-7    -4.239959674058959E-7    -1662491.2306956153+1278361.3165407728i           8045626.78967498
1.6543612251060553E-24    3.555500665578169E-7     -4.4572366844655277E-7   -1485080.9106414868+725479.9246175558i            1.0477385756696945E7
0                         2.1400389587682244E-7    -4.457236684465527E-7    361616.820817934+566864.5711678334i               1.3022205775224607E7
0                         2.1611376013759174E-7    -4.1265784208138033E-7   289323.2916180331+466323.9328028788i              1.2488028601577407E7
3.3087224502121107E-24    4.0481067694876277E-7    -7.106334885445178E-8    -217121.01937948965+284503.5167804915i            6778876.801438877
0                         4.0481067694876277E-7    2.3721473678056144E-8    75900.16438480884+55586.27433614157i              6620046.944754071
6.6174449004242214E-24    3.8331229340881396E-7    -3.394459883762836E-7    -93314.56069094103-56777.13738042i                1.125571549823339E7
-1.6543612251060553E-24   4.0481067694876277E-7    -3.9919901680121826E-7   -533337.4717134578+39935.50869606718i             1.3120569353630887E7
-3.3087224502121107E-24   4.048106769487627E-7     -3.4115748411427057E-7   -779017.9758604316+400682.6206694629i             1.2470141154792055E7
-3.3087224502121107E-24   4.0481067694876277E-7    -3.1657404149144293E-7   -695203.5210850914+79647.21331414602i             1.2191469280449048E7
0                         3.624841859934109E-7     -2.1742384376173693E-7   -455221.892493231+282417.1310553721i              8754640.323435577
0                         4.0481067694876277E-7    -2.491234228295679E-7    -611091.2932126466+197738.77321501504i            1.138383585669893E7
-3.3087224502121107E-24   4.0481067694876277E-7    -2.218305523870462E-7    -753008.2430174205+555880.0435431933i             1.0938869855313014E7
0                         4.0481067694876277E-7    -1.847936517365227E-7    -798038.8557980981+91917.12384302884i             9733447.666371102
3.3087224502121107E-24    4.0481067694876277E-7    -4.457236684465527E-7    -86477.79351856624-511608.95056811674i            1.3474107770209337E7
0                         4.0481067694876277E-7    1.360940974810027E-7     275773.05271925946+500688.67866985593i            9269986.626796355
0                         2.2749097318003724E-7    -2.457370449823213E-7    -1491692.6046098168+913235.229471336i             7224774.849155406
-3.3087224502121107E-24   2.3413233341041154E-7    -2.543701145832266E-7    -1354544.2842491362+756544.2464202916i            7027738.95225443
-8.271806125530277E-25    2.3440395028456402E-7    -3.2236736814764417E-7   -797068.4285684987+803017.4660543825i             1.0066994125224639E7
0                         1.5993522287077374E-7    -3.380866968469554E-7    1925950.6165399193-296425.99682661187i            1.1665723101039294E7
0                         1.6759313036861802E-7    -3.2612549477155674E-7   1260506.2709332441+47783.1702616404i              1.2079810829266235E7
0                         1.8911699668253973E-7    -4.419077192662658E-7    1396460.9323740588+41815.7644502141i              1.3865692694782805E7
0                         1.8667391565649347E-7    -4.457236684465527E-7    1975193.4574438923-153914.94459402055i            1.392002700100403E7
0                         1.913342646905239E-7     -4.457236684465527E-7    1340811.8176477132+374724.8352634519i             1.4019557780527685E7
-1.6543612251060553E-24   1.396310857758312E-7     -3.5782484311461526E-7   2981084.5460065445-1101684.9996732543i            1.1174181209174952E7
-3.3087224502121107E-24   7.611575413599851E-8     -4.457236684465527E-7    6230187.710485399-2330993.3182779895i             1.1378610500958651E7
8.271806125530277E-25     1.7748454918846015E-7    -4.457236684465527E-7    2016002.7406423525-287819.6134273632i             1.3685425923613995E7
0                         0                        -4.4572366844655277E-7   7865120.426718049-2707384.3186267912i             8330706.069231587
3.3087224502121107E-24    3.2009757832018636E-7    3.2677928377364126E-7    2032941.652988475-1089451.3237378993i             8613735.587083526
-3.3087224502121107E-24   3.0619600246222623E-7    3.3486896995387694E-7    1665579.0530210715-956063.3244351236i             7804646.147702195
-4.963083675318166E-24    3.0383053908689365E-7    3.1660022825710494E-7    1862460.3312825747-1219459.2847617907i            7763788.740823405
-8.271806125530277E-25    2.192539704550321E-7     2.947657511655832E-7     689306.2023411058-458906.20291476167i             9256354.159805205
0                         2.3837125222619716E-7    3.146040095279286E-7     926288.4739990899-758772.6322382764i              9112319.935307026
-3.3087224502121107E-24   2.987758188315725E-7     3.49862275930646E-7      1570188.1997445568-982294.2851281284i             8119642.090476756
3.3087224502121107E-24    4.0481067694876277E-7    1.622613169736564E-7     100662.3054362767+705968.4768962717i              1.0001365560392685E7
6.6174449004242214E-24    3.7922861640659704E-7    2.5872567663945717E-7    150105.19891760944-109043.41483755925i            1.0281820464368578E7
0                         4.0481067694876277E-7    2.5753493727551003E-7    769741.2403974439-625297.48124565i                1.1465278467361754E7
0                         4.0481067694876277E-7    2.0714308067700738E-7    605809.3352266692-180770.95669741448i             1.024850996945344E7
0                         4.048106769487628E-7     2.79063042588469E-7      619555.4370994224-249769.32881983614i             1.174530896432803E7
3.3087224502121107E-24    4.0481067694876277E-7    3.379968755225224E-7     661449.8579369909-213458.06067455062i             1.2224878304216748E7
-3.3087224502121107E-24   3.784650435248287E-7     3.533711258179332E-7     -8572.47770681989-97575.56757178344i              1.095872480662594E7
-3.3087224502121107E-24   4.0481067694876277E-7    3.6038578813905066E-7    609642.8379501927-295539.07934559905i             1.2411014858547926E7
8.271806125530277E-25     2.1870583030792516E-7    4.1491011538750973E-7    -248894.7252824869-505023.81722621503i            1.2600951274986155E7
3.3087224502121107E-24    3.3029999519553334E-7    4.308186424710969E-7     2044383.6431222006-1093572.8372097313i            8904897.136632873
0                         3.157566329072141E-7     4.4572366844655277E-7    1529325.5878454961-878181.3627286473i             8077319.267722693
0                         3.555500665578171E-7     4.457236684465527E-7     1488036.670538174-740870.6394172428i              1.0614441213639623E7
0                         2.140038958768217E-7     4.4572366844655277E-7    -323759.17007370625-558473.8159117833i            1.2933451602148464E7
-1.6543612251060553E-24   3.040417081880036E-7     4.4572366844655277E-7    1377617.488281288-1301281.0313585482i             8441400.66241257
-6.6174449004242214E-24   3.1346570626984056E-7    4.252272709540098E-7     1534850.8005613745-1037072.4902254842i            7958948.894133389
0                         4.0481067694876277E-7    4.099925578214459E-7     340009.0277113868+296843.1358591486i              1.3284982710531488E7
-8.271806125530277E-25    2.0391193386512348E-7    3.133088118671505E-7     -319378.2284586701-429135.57686828566i            9623294.267072998
0                         1.866739156564935E-7     4.4572366844655277E-7    -1855065.7341465512+123259.43515257824i           1.3937329693161381E7
0                         9.946902311506326E-8     3.227972936925604E-7     -3469982.129543843+1352808.4473502722i            1.0088829041161707E7
1.0587911840678754E-22    0                        3.320837385612162E-7     -6275848.644340887+2961802.058633823i             6954554.045971231
0                         9.754913313934993E-8     3.27493234507198E-7      -3872877.8039062684+1632507.5948032648i           9857557.01546192
3.3087224502121107E-24    7.611575413599854E-8     4.457236684465528E-7     -6254943.273815521+2326353.521286512i             1.1396028687789245E7
0                         1.7748454918846047E-7    4.4572366844655277E-7    -2016002.740642345+287819.6134273673i             1.3686689623705084E7
0                         0                        4.4572366844655277E-7    -7865120.426718039+2707384.3186268103i            8330706.069231584
-8.271806125530277E-25    2.101473059029679E-7     3.08022941317334E-7      -146363.62895814027-614130.8910930706i            9747932.437436271
0                         1.9134251536632702E-7    4.4176598740277313E-7    -1258472.8441324919-217824.95799324065i           1.3938990492107645E7
3.3087224502121107E-24    4.0481067694876277E-7    4.457236684465527E-7     86477.7935185521+511608.95056812593i              1.34800512431136E7
0                         1.913342646905238E-7     4.4572366844655277E-7    -1340811.81764772-374724.8352634435i              1.4014670173636261E7
0                         9.688521219864761E-8     3.206212832158238E-7     -3650716.710856619+1411550.0684991356i            9114841.470797403
