% Model:              omc_unitcell_iso.mph
% Version:            COMSOL 6.2.0.658
% Date:               Jul 1 2026, 11:45
% Dimension:          3
% Nodes:              305
% Expressions:        2
% Description:        Electric field, y-component, Electric field norm
% Length unit:        m
% X                       Y                        Z                        ewfd.Ey (V/m) @ lambda=7E-12                      ewfd.normE (V/m) @ lambda=7E-12
-3.3087224502121107E-24   3.11640147700064E-7      -1.1976618988071797E-8   -522038.00913665+1093795.527438241i               1.30881113601387E7
8.271806125530277E-25     3.251713317899763E-7     -4.5402139950156244E-8   -257761.69430363108+1209030.9552188676i           1.3149528997188278E7
3.3087224502121107E-24    3.341587528859366E-7     2.3248404524220318E-23   57480.998281562934+1213057.9758176515i            1.3188139365221247E7
3.3087224502121107E-24    2.1377803373446657E-7    -8.98969548131277E-8     -2830281.481493338+371448.7460177651i             1.1467814366525654E7
3.3087224502121107E-24    2.873933361043472E-7     -1.114077343861201E-7    -988757.6836514673+1105770.157691024i             1.3759994103805782E7
0                         3.182396563385692E-7     -6.343381124083152E-8    -290031.11816044676+1246765.3537427415i           1.3262530431948518E7
-1.6543612251060553E-24   1.99411942363288E-7      -1.1418858509067949E-7   -3638576.6096043587+148034.9703310986i            1.156809155390363E7
0                         2.1845653395423077E-7    -1.6518554386307116E-7   -3363618.8315393683+444161.04734255245i           1.3235068854805084E7
3.3087224502121107E-24    2.4663417250518805E-7    -1.4426116112124456E-7   -2334423.238204796+660561.4697797596i             1.353698260236119E7
-1.0339757656912846E-25   1.1513907745767914E-7    -2.0461885748524736E-7   -6847012.972610846-1085615.5388049346i            1.0656137182191571E7
4.1359030627651384E-25    2.5720174943636357E-7    5.1192065844283316E-8    -1814495.4437410655+699619.6071632752i            1.2391791914274454E7
0                         2.538559103127853E-7     5.584570174921412E-8     -1547167.8311638695+767254.2137766827i            1.2291122572997715E7
0                         3.24970696555981E-7      5.0869258428683064E-8    -92025.81052379608+1243556.4094677358i            1.3452742920834247E7
0                         3.258812924319995E-7     4.569473248067654E-8     -53649.49484671625+1252439.7732659178i            1.3155485300944403E7
-3.3087224502121107E-24   2.951442792554136E-7     1.024258598957873E-7     -706346.6380510145+1162115.9207817838i            1.3778189635308698E7
0                         3.221038368927431E-7     5.584714369209338E-8     -189120.6603428759+1215521.7886066851i            1.325975199873144E7
0                         2.5315329523993733E-7    6.001853845885086E-8     -1729689.8115265402+696256.9724355082i            1.2255415225861145E7
0                         2.5085145295922413E-7    5.462592438847495E-8     -1607055.8475618644+703112.6465754204i            1.1899044607421493E7
-1.6543612251060553E-24   1.8936295177487544E-7    -5.345153217925148E-8    -3377162.1522028954+103372.52476256501i           1.1279425261528106E7
0                         3.0382501758412077E-7    -4.485991782714857E-8    -660316.9424907161+1064014.870931476i             1.3329929041021021E7
0                         3.232695709983424E-7     -5.53045889386516E-8     -320028.59715057345+1220510.6634828472i           1.3399941689607013E7
3.3087224502121107E-24    2.3887937212247125E-7    -7.0981566033776E-9      -2162157.101460698+483498.1278730803i             1.2808930308027238E7
0                         2.1590675670731769E-7    1.6443578411235084E-7    -2716679.1890851934+688520.9784334316i            1.2035646450282559E7
8.271806125530277E-25     2.0626333866638028E-7    1.6851892779815737E-7    -3679031.115730575+355023.67851381714i            1.223591970958725E7
8.271806125530277E-25     2.478102917674804E-7     5.7999085052770066E-8    -2548282.79056381+532224.978606873i               1.2245252425996775E7
8.271806125530277E-25     2.0848700466590606E-7    1.7050596155886884E-7    -2681299.441537991+725132.2681949888i             1.2418426784441095E7
3.3087224502121107E-24    1.8845011221180134E-7    -7.933319908910908E-8    -3424587.251750434+101689.5711161855i             1.1226430775750969E7
-1.0587911840678754E-22   0                        -2.184438086758795E-7    -8764935.202925608-2191753.785219424i             9060492.413974516
6.6174449004242214E-24    7.412316040165247E-8     -9.059081845819273E-8    -5025040.441036617-649260.0547399991i             7133778.933153066
0                         1.1222187758084808E-7    -2.0359382100811807E-7   -7027809.024587522-1225567.216762332i             1.0498461395241687E7
-1.6543612251060553E-24   1.6148098076991665E-7    -8.194116355486126E-8    -3893579.307073077-134616.52491162004i            1.0600514119366134E7
0                         1.1244237034527167E-7    -2.0569679271964817E-7   -7015628.5819366425-1146804.991438255i            1.0824637856449686E7
0                         1.114934002831982E-7     -2.0583860403134034E-7   -7353305.860367187-1340555.6941388536i            1.094724747973625E7
0                         2.0046547469079038E-7    1.684949217441033E-7     -4413000.271401544+70749.96593240919i             1.267531943744357E7
-3.3087224502121107E-24   1.1811756029585402E-7    1.0937180041687409E-7    -4826993.473628104-521286.0578230778i             9222934.974557685
0                         9.892122696120922E-8     2.0811770775040243E-7    -7542608.1136500295-1466987.3060424677i           1.031101144072249E7
-1.0587911840678754E-22   0                        2.1844380867587958E-7    -8745332.08256352-2188143.2481677216i             9030973.019117692
8.271806125530277E-25     2.040893509695161E-7     1.7271580831706605E-7    -3943443.7902345657+289798.891878437i             1.2822293933389321E7
0                         9.901265081548767E-8     2.086243933096728E-7     -7322764.471298264-1320178.1504350456i            1.0321465503040124E7
-1.0339757656912846E-25   9.844532377288113E-8     2.0870917300429743E-7    -7519597.634570796-1448503.3704752098i            1.0407467927469466E7
0                         4.3156852068532967E-7    -9.441573109727262E-8    7547952.283048278+3917050.7196208443i             1.6843888925802175E7
3.3087224502121107E-24    4.0481067694876277E-7    -7.106334885445178E-8    7743477.365285721+4129025.6082827747i             1.6678781618930278E7
0                         4.0481067694876277E-7    -1.2247503680099905E-7   7711654.546891008+4210343.090933188i              1.659411993432097E7
3.3087224502121107E-24    4.2236659387354457E-7    -3.3156600261566373E-7   3451224.209765435+2166335.2725924407i             8564552.994610181
-3.3087224502121107E-24   4.0481067694876277E-7    -3.1657404149144293E-7   4003249.4670535377+2639745.4020988294i            9583392.440013157
-3.3087224502121107E-24   4.048106769487627E-7     -3.4115748411427057E-7   3283898.082650585+2111610.4647895624i             8452735.359136676
0                         4.502508420350996E-7     -2.9324605695653366E-7   4122038.5336483335+2458180.306664387i             9989274.934856428
0                         4.561468564307357E-7     -2.3347254581814542E-7   5548825.061952948+3129239.3650037493i             1.3164307803476505E7
-3.3087224502121107E-24   4.0481067694876277E-7    -2.218305523870462E-7    6181611.064229768+3791158.9877201i                1.4228730780553024E7
0                         4.0481067694876277E-7    -2.491234228295679E-7    5538068.859129019+3438209.662792026i              1.2935310347727627E7
0                         4.0481067694876277E-7    -1.847936517365227E-7    6703368.241611455+3991030.2790502957i             1.5014751496332387E7
0                         4.997136481438985E-7     -5.4578163674120465E-8   7160427.972578655+3381184.714950778i              1.7762594826012507E7
3.3087224502121107E-24    4.489461804632103E-7     -5.6775778379933294E-8   7237964.827337864+3805695.735849493i              1.7283564010159083E7
3.3087224502121107E-24    4.4989759452706147E-7    -1.6556817874517087E-8   7090519.278278394+3697424.0896973023i             1.7163892782469265E7
3.3087224502121107E-24    5.064721380278715E-7     -9.25383604059818E-8     6968445.38247614+3326825.14230622i                1.719507058561446E7
-3.3087224502121107E-24   4.814698782554942E-7     -7.107843754157303E-8    6941001.690461971+3562637.4462070204i             1.7385483328179978E7
0                         4.0481067694876277E-7    2.3721473678056144E-8    7609806.722440331+3976950.615072068i              1.6640916549652977E7
-3.3087224502121107E-24   4.0481067694876277E-7    -2.908572125757574E-8    7914598.897628317+4091315.3440519786i             1.683866242552147E7
0                         4.375981764020514E-7     -1.443441900957181E-7    6911724.267545661+3889971.4152485565i             1.6366601621095216E7
-3.3087224502121107E-24   4.993313195216967E-7     -2.159181114847459E-7    5448359.98196683+2802802.2921393923i              1.3554322879999598E7
0                         5.165759812286529E-7     -1.5276612097377223E-7   6333627.075431126+2971223.703603067i              1.595297186055854E7
0                         4.777461392223046E-7     -1.1661254719235383E-7   6556404.476181247+3438254.6466443115i             1.6505573663883932E7
1.6543612251060553E-24    6.117018165168023E-7     -2.3743763663215706E-7   4017340.4663960016+1723257.4612290096i            1.1688721888771085E7
-1.6543612251060553E-24   4.569758984411236E-7     -3.472823263841108E-7    2775124.369022345+1693386.310232644i              7198667.475860431
-1.6543612251060553E-24   4.0481067694876277E-7    -3.9919901680121826E-7   1601999.2906033539+939166.2804171788i             4934660.54475187
3.3087224502121107E-24    5.081525458428524E-7     -3.9970774983858666E-7   1099918.3285246517+607727.6799768064i             4537795.815488634
3.3087224502121107E-24    4.962314594314798E-7     -4.457236684465527E-7    11126.300198586463-8780.464560164904i             3285163.324173384
3.3087224502121107E-24    4.2957613825231527E-7    -4.457236684465527E-7    14072.733364983013+24342.140053690895i            2516600.4685118403
3.3087224502121107E-24    4.0481067694876277E-7    -4.457236684465527E-7    -15549.265007898523-2729.4250019923616i           3326324.221312136
3.3087224502121107E-24    7.584990733679616E-7     -3.525345509788203E-7    1517856.7355112866+321603.5711181813i             5371905.484041594
1.6543612251060553E-24    6.455923658273635E-7     -2.9779599197226205E-7   2784887.256596545+1122520.4319300991i             8869238.785040438
-1.3234889800848443E-23   6.594171668704031E-7     -4.457236684465528E-7    -14904.687012985532-12813.92335530141i            2999367.5756488517
0                         7.115433440389336E-7     -4.4572366844655277E-7   12736.529627013919-5086.49672426347i              2520167.8585833204
0                         6.13672952558064E-7      -4.457236684465528E-7    -1789.245841973936+6181.757124956486i             2927470.5386693534
0                         5.835703006909465E-7     -3.9683597509188217E-7   1145125.6101829782+569702.6226304176i             4422608.582470602
1.6543612251060553E-24    5.073206154392238E-7     1.6639490242751647E-8    6869763.894868161+3300330.420053416i              1.7446643314113777E7
0                         4.872041077290517E-7     5.2308274107395806E-8    7157170.172523214+3472379.11883457i               1.7566111203316532E7
0                         4.0481067694876277E-7    1.360940974810027E-7     7447932.099232678+4085771.6517944736i             1.6409377492927045E7
0                         4.0481067694876277E-7    5.720766611629198E-8     7608853.349661141+4125741.1727929083i             1.6679091257327385E7
0                         4.862892861970411E-7     7.59710070016916E-8      7136789.133157676+3497289.086340914i              1.743751964736057E7
6.6174449004242214E-24    1.7939660431371156E-7    5.0528916286388705E-9    -3501821.677275481+5940.522185258179i             1.10882330481451E7
0                         2.459427215263416E-7     5.2736472453813216E-8    -2223649.0644051903+592772.3344721266i            1.2365916861107508E7
3.3087224502121107E-24    1.5707454531081041E-7    6.25005572267353E-8      -4093635.961967813-187686.23545193573i            1.0169408857381098E7
6.6174449004242214E-24    2.1433983851951722E-7    7.1700210684364934E-9    -2667497.331631206+266985.07743172237i            1.2617605755893683E7
0                         2.49260976348461E-7      5.607337329607634E-8     -2287773.119246922+554169.2726407042i             1.1912448936147206E7
-1.3234889800848443E-23   6.246188711819906E-7     3.9309164022119866E-8    5854268.976874197+2268951.910682608i              1.6753065359746877E7
0                         5.960440285226311E-7     2.988217108289382E-8     5827256.854745353+2523804.370400323i              1.7083449491900407E7
-1.6543612251060553E-24   5.631430720862984E-7     6.27649824210615E-8      6152639.828291549+2829820.405987201i              1.708670062675107E7
-1.6543612251060553E-24   6.691471139469493E-7     -6.92448852235418E-8     5277780.050896975+1876980.0047512993i             1.5419548198625531E7
-1.6543612251060553E-24   4.4978337932055604E-7    1.5899387636454964E-7    6630262.502186146+3675377.513232478i              1.5988769226454947E7
0                         5.281021162220563E-7     1.0122790767266414E-7    6166473.560426571+3014565.566597788i              1.6669673500931645E7
0                         5.408635932871615E-7     1.6874223547965604E-7    5609329.866654986+2651805.478149312i              1.5140718097737845E7
0                         5.191967007498003E-7     7.363267056516884E-8     6419305.577773996+3166342.129330438i              1.717886809655065E7
0                         1.2144320308462883E-6    -4.4572366844655277E-7   -167315.99329407915-142644.95798922802i           2772186.640033032
0                         9.711902279227485E-7     -1.706099099539873E-7    2806188.5606566393-240387.6849052052i             9054614.042694436
5.790264287871194E-24     9.829586933867662E-7     -1.6127963750351202E-7   2874462.1727523417-427719.3870797297i             9118708.87410696
1.3234889800848443E-23    1.214432030846288E-6     -1.0860767275448962E-7   1245151.9239467583-1807943.1203199518i            7755934.511249729
1.3234889800848443E-23    9.682376450528536E-7     -1.6514818570509336E-7   2770845.0013768612-207783.07864563476i            9211748.30717053
1.406207041340147E-23     9.726521862409165E-7     -1.6285283285125584E-7   2848031.548954056-302747.4549544815i              9163523.08942737
1.6543612251060553E-24    9.626704923717386E-7     -1.6119038765285642E-7   2767774.9379529464-252460.77001753807i            9319170.760055244
1.6543612251060553E-24    9.754909361905512E-7     -1.5889962744497584E-7   2836862.642986098-356462.18202560046i             9193208.002849294
8.271806125530277E-25     9.387796828040267E-7     -1.92233150566557E-7     2632869.4686456053-138762.81009767659i            8771881.214406246
6.6174449004242214E-24    8.550869066977325E-7     -3.054656588009247E-8    4067907.781760028+504713.0451625162i              1.2919606671659334E7
-6.6174449004242214E-24   7.891679577345008E-7     -7.479479087737868E-8    4363806.040762036+932157.8833333896i              1.3329815816005269E7
1.3234889800848443E-23    7.97048117412347E-7      -6.302097202391355E-9    4562069.689913405+897478.818415208i               1.3821046821590856E7
6.6174449004242214E-24    7.520580860383995E-7     -1.3288742342409566E-8   4803064.178270783+1279173.5387016255i             1.464117021309447E7
0                         7.054127686436632E-7     -1.0157113773708578E-7   4883927.627898643+1565171.3662204319i             1.4605384497742048E7
3.3087224502121107E-24    5.052561387145081E-7     -2.446466948904555E-7    4844192.535456565+2545238.8010830083i             1.2460715884203054E7
0                         6.247238596707543E-7     -2.5434599037638164E-7   3732456.46889136+1552098.7139448908i              1.0885577911328869E7
0                         5.214366592560964E-7     -3.381466525268136E-7    2770374.5676931785+1410194.4515500036i            7311513.662464118
-1.6543612251060553E-24   6.30222716919134E-7      -2.3418625134157275E-7   3824216.361786385+1636333.8306420618i             1.14278364010761E7
6.6174449004242214E-24    5.576046715284379E-7     -1.2432629581684775E-7   5615976.135542376+2639644.3387108496i             1.6060205032431344E7
0                         5.49458049142369E-7      -5.2424835329014184E-8   6091562.651157431+2809291.7770582973i             1.726002675541736E7
-1.6543612251060553E-24   6.772966468641454E-7     -1.1254496970161925E-7   5125885.859895086+1803773.181576573i              1.5102887290323569E7
0                         7.589645985661259E-7     -1.6652353284211032E-7   3924093.6193629624+921961.2421305561i             1.2179067174544139E7
0                         7.894428415806573E-7     -2.946914164752046E-7    2395898.7852597786+571621.3567790099i             7321608.814924955
-1.6543612251060553E-24   6.480993456055181E-7     -2.4946320709047333E-7   3647943.7467290577+1506014.1773294385i            1.0829354351432977E7
1.6543612251060553E-24    6.929039943739884E-7     -1.2131650012357304E-7   4828546.70397901+1631676.4234079947i              1.4496371870369095E7
1.6543612251060553E-24    6.387782450892036E-7     -2.640761444177972E-7    3454490.5399465547+1411212.6343668771i            1.0329072244683942E7
0                         7.742683920110035E-7     -3.156157027512449E-7    2112134.6827013143+497315.0059597598i             6616574.929802763
-3.3087224502121107E-24   5.495370825295924E-7     -3.5901745045618887E-7   2120341.2823471716+1050318.6499016527i            5950697.750222598
0                         8.518735131742949E-7     -4.457236684465528E-7    16498.437231844473+9621.254285703119i             2913899.5082829604
0                         8.064277864561567E-7     -3.349980882823954E-7    1638549.502783852+267517.308954488i               5931331.020685323
-3.3087224502121107E-24   4.3658923736319153E-7    2.472402499771893E-7     5510980.6716382485+3223369.3794021066i            1.2613293891973801E7
0                         4.0481067694876277E-7    2.5753493727551003E-7    5541648.780417752+3502765.525711341i              1.2689355711775577E7
0                         4.0481067694876277E-7    2.0714308067700738E-7    6122072.052280884+3807811.6612909343i             1.4307393374678046E7
-2.6469779601696886E-23   7.245654816930181E-7     6.376431187878918E-8     4877960.821582143+1394237.266159775i              1.4872501560679177E7
0                         6.930442476933175E-7     5.100816087261462E-8     5078058.572208119+1665254.1571980189i             1.5433991619688895E7
1.6543612251060553E-24    6.926043182087825E-7     -8.272410280721334E-8    4950299.627496732+1654127.927014582i              1.4809633665163934E7
0                         4.048106769487628E-7     2.79063042588469E-7      4792664.487175639+3030938.5396960285i             1.1541650547879666E7
3.3087224502121107E-24    4.0481067694876277E-7    3.379968755225224E-7     3224237.1664638496+2146194.8830233775i            8480641.701810002
0                         4.7333691249732846E-7    3.3810438509062026E-7    3137997.883721342+1781944.755858805i              7580533.877201068
0                         4.7278923339143395E-7    3.314883455331893E-7     3170828.1993657663+1843188.1331397735i            7933516.869564724
-3.3087224502121107E-24   4.0481067694876277E-7    3.6038578813905066E-7    2630350.2582046753+1742906.6403428656i            7478439.641192816
0                         4.0481067694876277E-7    4.099925578214459E-7     1266007.1577991296+757764.343571131i              4320025.118369657
0                         6.509859582013704E-7     1.3255461462843295E-7    5020470.245498171+1918855.5806783377i             1.4692884634297302E7
0                         6.705836698145423E-7     1.485399450120071E-7     4719082.412466754+1704442.1101358135i             1.4094009875801878E7
0                         6.578698432351904E-7     1.5991641382153506E-7    4781717.212081486+1810800.8036124087i             1.401793078591209E7
0                         6.410384686553871E-7     1.6274714920797545E-7    4859796.236487726+1926816.5071468726i             1.4267235436621707E7
0                         4.788499947104467E-7     3.425026801200342E-7     2752178.396957593+1561971.1746019667i             7375319.565224427
1.6543612251060553E-24    4.2957613825231527E-7    4.457236684465527E-7     -16977.158717464492+5588.257394104604i            2484114.1133780703
0                         4.962314594314798E-7     4.457236684465528E-7     -11126.300198586458+8780.464560163284i            3430236.153380615
-6.6174449004242214E-24   5.643604176755028E-7     2.482016625425285E-7     3971107.544019975+1951071.5401834606i             1.1624754315889388E7
0                         6.526453161246262E-7     1.8190332702945102E-7    4597021.9012338035+1753580.3994166546i            1.3353730641864168E7
6.6174449004242214E-24    6.41117934249498E-7      2.923429392833327E-7     3118457.5838751034+1233140.4642679999i            9138517.759351166
-6.6174449004242214E-24   5.761765813329171E-7     2.9910786931305563E-7    3168133.208930405+1498329.579272734i              9494838.730487835
0                         4.820829262188099E-7     3.355042066868296E-7     2916417.3474369333+1624274.3004707126i            7613301.759044532
0                         4.211107416564642E-7     1.7500732835666212E-7    6329342.938188346+3755558.437125802i              1.573829580418085E7
3.3087224502121107E-24    4.0481067694876277E-7    1.622613169736564E-7     6641180.774855228+3854838.5167777883i             1.6379912783658613E7
0                         5.122042016630905E-7     2.1271907331504992E-7    5629256.599193981+2685293.753531699i              1.4117778697991619E7
0                         4.786782271399676E-7     3.345049319927811E-7     2964626.8927341276+1711558.2790055312i            7570302.81087787
6.6174449004242214E-24    9.170441589635832E-7     1.3913097951325565E-7    3168606.2308030524+54315.47276480925i             1.015793475578838E7
1.6543612251060553E-23    8.840109665589397E-7     1.555873715367559E-7     3337743.9051556685+250169.05948684286i            1.0526365410804627E7
0                         7.191376553515902E-7     1.6671927879709242E-7    4242773.520642385+1311691.0682134135i             1.2970046439323474E7
-6.6174449004242214E-24   8.582082660181202E-7     2.0329463399612063E-7    3130171.188197983+420299.63726632093i             9624253.915847383
1.9852334701272664E-23    9.168045775200016E-7     1.838839511341664E-7     3077220.8858685005+68027.42608405004i             9579206.489880582
-1.3234889800848443E-23   8.947124546920311E-7     2.1609288361610416E-7    2827090.121971796+184510.3628381505i              8928890.33722946
5.293955920339377E-23     1.2144320308462883E-6    1.3163477256883595E-7    1229883.8148573264-1834028.8151823129i            7904951.382359532
0                         1.2144320308462883E-6    4.4572366844655277E-7    -57442.28419442196-129378.90878575314i            2478629.195266251
-6.6174449004242214E-24   1.2047294125653607E-7    -5.4177059992643494E-8   -4370732.126662216-431915.7533000353i             9266135.577689197
0                         2.429292671279745E-7     5.948826477865517E-8     -2380189.742741877+570141.2040571393i             1.2691922453005007E7
6.6174449004242214E-24    0                        4.436886207510373E-8     -5111279.9772803625-784316.6411511144i            5317551.976624804
6.6174449004242214E-24    5.812045785468935E-8     -2.552427027151395E-9    -4382595.044447353-554060.2391346733i             7940624.622898112
6.6174449004242214E-24    0                        -4.436886207510373E-8    -5043698.844669073-777724.9154781076i             5240242.157836969
0                         7.655579962140228E-8     6.542684884060526E-8     -4564728.826130799-486147.34371813835i            7880485.520197469
0                         6.866435007000858E-7     -1.0938876761640242E-7   4931503.958539436+1690564.9676441331i             1.4823648096314896E7
0                         4.771927731982387E-7     3.36489827235441E-7      3031618.164425484+1732545.3949022908i             7865766.9658019645
3.3087224502121107E-24    4.0481067694876277E-7    4.457236684465527E-7     15549.265007898457+2729.4250019932015i            3338219.7981971344
0                         6.651249287303628E-7     1.6790702109120413E-7    4683883.115186827+1698690.648007064i              1.3817146419602156E7
4.1359030627651384E-25    4.867723564772883E-7     3.418091714985628E-7     2664383.649575049+1419955.4672799828i             7258038.266018018
-6.6174449004242214E-24   6.136729525580642E-7     4.457236684465528E-7     -43137.21348029904-31612.395994676586i            3063566.3185131443
0                         6.881616988740355E-7     3.978295959370143E-7     785700.5543104004+155123.81031386147i             4320269.905808973
6.6174449004242214E-24    6.594171668704033E-7     4.457236684465528E-7     81812.25679541338-4996.157989317179i              3110382.781209653
6.6174449004242214E-24    6.400077995513397E-7     4.145395176181685E-7     546086.736787271+190626.49884064286i              4186654.7813499854
6.6174449004242214E-24    7.115433440389337E-7     4.457236684465528E-7     -12736.529627013599+5086.496724264254i            2592139.52241686
0                         6.653123572430028E-7     1.7967980069664388E-7    4486682.54035243+1624946.3612609438i              1.3319483129359689E7
6.6174449004242214E-24    7.079823640439226E-7     3.146782694854729E-7     2223393.114767916+684959.353536983i               7367006.998364165
0                         8.518735131742948E-7     4.457236684465527E-7     -49187.65104138057-53655.34266337267i             2919184.6223348454
0                         7.868661569218205E-7     3.7218715107475933E-7    1164909.3588596047+230174.2910872038i             5501334.933743653
-3.3087224502121107E-24   3.713163589710846E-7     2.28719275193699E-8      237619.70481762983+319497.9869392533i             1.362172198443072E7
0                         3.258812924319995E-7     4.569473248067654E-8     390080.2512360851+457570.10123646475i             1.3133078914263913E7
3.3087224502121107E-24    3.341587528859366E-7     2.3248404524220318E-23   133848.8007299168+291104.6559586755i              1.2859817507797373E7
0                         3.67742134455443E-7      -2.622766939059858E-9    1382669.5592841483+690307.7201665186i             1.3637699109329525E7
-3.3087224502121107E-24   4.0481067694876277E-7    -2.908572125757574E-8    1348115.3056342716+711477.376749599i              1.4315462094896197E7
1.6543612251060553E-24    3.349284580711162E-7     -4.838043261769996E-8    731329.5992695868+581328.5661736807i              1.3230022205158906E7
8.271806125530277E-25     3.251713317899763E-7     -4.5402139950156244E-8   326607.1320995167+473743.92994440475i             1.3003838264515165E7
0                         3.2584904163317056E-7    5.4761703028297576E-8    827630.5024676018+641094.630074678i               1.3454844700880362E7
0                         3.24970696555981E-7      5.0869258428683064E-8    668271.2150714636+581877.2908516586i              1.3357119784376651E7
0                         3.221038368927431E-7     5.584714369209338E-8     797524.5014905137+559865.240436995i               1.3248559207566796E7
0                         3.905486564586962E-7     1.5070927513429238E-7    984102.4136083402+748099.6441245943i              1.4066904598414946E7
-1.6543612251060553E-24   3.695278543888481E-7     1.425007216743512E-7     756130.4579597249+748673.4468344371i              1.3621866021839444E7
-3.3087224502121107E-24   2.951442792554136E-7     1.024258598957873E-7     1106588.8320953853+991715.9815895153i             1.3165710257724697E7
0                         4.0481067694876277E-7    5.720766611629198E-8     1326327.2943600481+700205.1534307903i             1.4268487673683142E7
-8.271806125530277E-25    3.3156828818064024E-7    5.3161048325825355E-8    711052.2781256118+619425.7838554436i              1.3463085570390204E7
-3.3087224502121107E-24   3.538787295229262E-7     -1.2398315886083805E-7   101594.39838784511+521937.9753937086i             1.3262136571471378E7
0                         4.0481067694876277E-7    -1.2247503680099905E-7   1531549.2818965793+824018.1327038131i             1.4078448730690097E7
8.271806125530277E-25     3.3638825816599775E-7    -6.395905135374167E-8    965290.6206380023+695714.8168686474i              1.342434940540182E7
0                         3.182396563385692E-7     -6.343381124083152E-8    579944.963746801+622976.4188226267i               1.3072902789360022E7
3.3087224502121107E-24    2.873933361043472E-7     -1.114077343861201E-7    1062493.901946278+1057844.7036947084i             1.3170253928587168E7
-3.3087224502121107E-24   3.015852552501473E-7     -1.6685527697298306E-7   398261.60515956295+1005638.9132648803i            1.3888668324582431E7
0                         3.232695709983424E-7     -5.53045889386516E-8     455809.1082419117+544038.1056178155i              1.3193563056068687E7
-3.3087224502121107E-24   2.623301555560212E-7     -1.838422404158222E-7    -639294.6555535636+858652.6255619418i             1.3255487597297331E7
0                         2.1845653395423077E-7    -1.6518554386307116E-7   -1033573.8991744617+892085.4541536127i            1.1852123010615468E7
3.3087224502121107E-24    2.4663417250518805E-7    -1.4426116112124456E-7   -282601.2533694785+869837.4553248745i             1.2507136832611252E7
-3.3087224502121107E-24   3.0650930569558767E-7    -2.1794848318051102E-7   438679.59514881705+1145738.8304813905i            1.4849258800795928E7
3.3087224502121107E-24    2.470772530883222E-7     -2.3543370847644549E-7   -1504263.9995458794+640868.950384506i             1.2701019949139187E7
0                         2.2069103669620642E-7    -2.2885546097923546E-7   -2100299.882928067+460753.9342126199i             1.1812166695900464E7
8.271806125530277E-25     1.9445774481720757E-7    -2.8327782105937676E-7   -3146254.3704982116-94223.17131659489i            1.0072976981421521E7
0                         1.183621861921214E-7     -2.078816710009919E-7    -5961304.115236247-888412.5786079081i             9885197.066780973
-1.0339757656912846E-25   1.1513907745767914E-7    -2.0461885748524736E-7   -6055060.838621775-902655.4156173422i             9849327.184978098
0                         3.0257191062034473E-7    1.576897610256885E-7     1017979.098316064+1149106.0993673024i             1.3613546759180825E7
0                         2.1731686092286983E-7    1.7520511471491508E-7    -1528670.6556679837+694914.2138329452i            1.1862310148546025E7
-3.3087224502121107E-24   3.111376090332974E-7     2.2109966464668137E-7    226884.74006347024+1056585.3685480135i            1.3758827836845234E7
0                         2.1590675670731769E-7    1.6443578411235084E-7    -1152807.473765907+783488.3791045218i             1.1406033079959912E7
-1.6543612251060553E-24   3.7398138207890795E-7    1.7497596113962513E-7    710624.6298511763+759188.883251161i               1.3534791663613176E7
8.271806125530277E-25     2.0848700466590606E-7    1.7050596155886884E-7    -1859629.1404896884+591166.46455628i              1.204873446229498E7
0                         1.610450647624651E-7     -3.1113300659520074E-7   -4059053.6846325896-572296.779712143i             8713466.373878438
0                         1.1244237034527167E-7    -2.0569679271964817E-7   -6229697.39705719-961886.8774517825i              9850622.197249642
0                         1.5542147801101528E-7    -3.257577205699684E-7    -3994547.833473886-629591.6419947088i             8617771.506329777
0                         1.1210284432675364E-7    -2.0657976494489885E-7   -6591001.628089128-1141087.5463745322i            9933389.320922757
0                         0                        -3.3208373856121613E-7   -6361843.037590231-1777638.6048418358i            6659387.810275851
-1.0587911840678754E-22   0                        -2.184438086758795E-7    -9052128.516630745-2356342.9219008973i            9357160.879454002
0                         1.114934002831982E-7     -2.0583860403134034E-7   -6620307.7594153825-1129070.5411607774i           9981124.161057908
-8.271806125530277E-25    2.043848287327706E-7     3.01824057255159E-7      -2667552.031783927-35472.2902903442i              9651667.74124116
0                         9.901265081548767E-8     2.086243933096728E-7     -6753462.32314629-1186436.5273055339i             9648245.891532734
8.271806125530277E-25     2.040893509695161E-7     1.7271580831706605E-7    -1711300.3843870994+684096.6218221185i            1.2291104653220855E7
8.271806125530277E-25     2.0806462318456905E-7    1.7420550492035314E-7    -1872173.9512601083+579148.963455991i             1.2320151946095454E7
-8.271806125530277E-25    2.0890160161240936E-7    3.0351667623886993E-7    -2482474.5280463304+104094.93557034929i           9909440.498307575
-8.271806125530277E-25    2.0375301438726548E-7    3.067090812444527E-7     -2951737.645747514-120312.90914343658i            9915887.421489779
-1.0339757656912846E-25   9.89591295183069E-8      2.0903820604204621E-7    -6827833.979062727-1246057.1130746785i            9614050.900923174
-1.0339757656912846E-25   9.844532377288113E-8     2.0870917300429743E-7    -7066267.979790773-1338838.0791496325i            9785721.485290023
-1.0587911840678754E-22   0                        2.1844380867587958E-7    -8966145.195541825-2291082.7005678294i            9255435.35986856
0                         9.688521219864761E-8     3.184452727390873E-7     -5387135.477668965-1178834.0114203556i            7262378.192005324
0                         9.940305354074083E-8     3.2005765833954787E-7    -5249609.286020201-1113502.9854333918i            7479579.547512591
1.6543612251060553E-24    2.975031488633426E-7     -2.9339614738355517E-7   -89047.44586934395+811966.4875457771i             1.044887985503066E7
6.6174449004242214E-24    2.917936601563077E-7     -3.1736775741026994E-7   -252867.8021785404+735866.1361033152i             9614960.999520255
0                         3.1858335174886756E-7    -3.122210637167122E-7    -271311.64520284644+578588.9693376103i            8908823.612831535
3.3087224502121107E-24    3.005644256617372E-7     -3.2556268764508506E-7   -398925.0414505235+592529.9680924753i             9113332.434610512
4.963083675318166E-24     2.889914814077966E-7     -3.3208997454653474E-7   -629419.5877967157+525669.8571124974i             9260677.79746204
1.6543612251060553E-24    3.005211138875588E-7     -4.339063223617766E-7    46297.43221844793+99801.18078153534i              3416860.6361232633
1.6543612251060553E-24    3.040417081880036E-7     -4.457236684465528E-7    27428.839364573578+8676.554357123914i             3128113.780110295
3.3087224502121107E-24    3.1575663290721403E-7    -4.457236684465528E-7    -66983.91962877147-38248.5234983692i              2916402.6697807773
1.6543612251060553E-24    3.1493360207967284E-7    -4.239959674058959E-7    60542.77372637593+137304.1347123098i              3545888.531079619
1.6543612251060553E-24    3.555500665578169E-7     -4.4572366844655277E-7   -42365.265165557124-18696.878633147713i           1925920.4146671805
0                         2.1400389587682244E-7    -4.457236684465527E-7    -59039.48772999107-26705.22404698702i             2988999.2816469558
0                         2.1611376013759174E-7    -4.1265784208138033E-7   -438912.685317973+64950.00602889985i              4863857.294574196
3.3087224502121107E-24    4.0481067694876277E-7    -7.106334885445178E-8    1375402.4352820888+751207.2391199518i             1.4159062838126337E7
0                         4.0481067694876277E-7    2.3721473678056144E-8    1353843.4383058425+696411.729549425i              1.4294510660197971E7
6.6174449004242214E-24    3.8331229340881396E-7    -3.394459883762836E-7    661048.3183032679+521458.9607154356i              8257116.132531205
-1.6543612251060553E-24   4.0481067694876277E-7    -3.9919901680121826E-7   170929.967213633+128124.64731401023i              4438446.238467985
-3.3087224502121107E-24   4.048106769487627E-7     -3.4115748411427057E-7   368723.0652498831+300622.14678747545i             7543745.718732126
-3.3087224502121107E-24   4.0481067694876277E-7    -3.1657404149144293E-7   801862.8525091009+511065.5137961533i              8291658.463747217
0                         3.624841859934109E-7     -2.1742384376173693E-7   1251453.3622180764+1058175.6671912156i            1.3350202488656387E7
0                         4.0481067694876277E-7    -2.491234228295679E-7    890675.9512871625+611198.7989958483i              1.1112284036165876E7
-3.3087224502121107E-24   4.0481067694876277E-7    -2.218305523870462E-7    864302.8150429945+625257.9847651183i              1.224218227008097E7
0                         4.0481067694876277E-7    -1.847936517365227E-7    1234712.0484020675+749695.2987970373i             1.2850702698781937E7
3.3087224502121107E-24    4.0481067694876277E-7    -4.457236684465527E-7    24368.408173758093+3103.9163337209i               3326200.064642848
0                         4.0481067694876277E-7    1.360940974810027E-7     1154514.9295864895+711513.5947201304i             1.4016137270825453E7
0                         2.2749097318003724E-7    -2.457370449823213E-7    -2169538.0532670114+426876.89188880404i           1.2560119791939247E7
-3.3087224502121107E-24   2.3413233341041154E-7    -2.543701145832266E-7    -2112472.08916541+425940.2631056958i              1.210071345540376E7
-8.271806125530277E-25    2.3440395028456402E-7    -3.2236736814764417E-7   -1794840.2508618138+220638.5393110169i            8756149.48149709
0                         1.5993522287077374E-7    -3.380866968469554E-7    -3170791.8366350643-369356.9441406292i            8322760.362198943
0                         1.6759313036861802E-7    -3.2612549477155674E-7   -3230804.3995354907-306515.88345116173i           8615895.396267401
0                         1.8911699668253973E-7    -4.419077192662658E-7    -140312.4380002218-30601.12800236817i             3965147.091725801
0                         1.8667391565649347E-7    -4.457236684465527E-7    292441.0769868504+106644.22426271274i             3848454.480825164
0                         1.913342646905239E-7     -4.457236684465527E-7    -38706.55864006657-17948.30479725129i             4391274.938773051
-1.6543612251060553E-24   1.396310857758312E-7     -3.5782484311461526E-7   -2764197.637551355-368643.62818852137i            6637872.300090694
-3.3087224502121107E-24   7.611575413599851E-8     -4.457236684465527E-7    -60779.75287288179-28942.95575628825i             1942028.796070595
8.271806125530277E-25     1.7748454918846015E-7    -4.457236684465527E-7    81813.40673619736+35929.153695260764i             3128594.7666485617
0                         0                        -4.4572366844655277E-7   12684.2039737744-316.7865613174605i               13799.594481530012
3.3087224502121107E-24    3.2009757832018636E-7    3.2677928377364126E-7    -151858.98433192392+574282.9987778284i            8362142.37611405
-3.3087224502121107E-24   3.0619600246222623E-7    3.3486896995387694E-7    -199962.43326836932+603147.6540360338i            8667781.692082243
-4.963083675318166E-24    3.0383053908689365E-7    3.1660022825710494E-7    -4884.257289205899+764331.1453401209i             9231354.282580432
-8.271806125530277E-25    2.192539704550321E-7     2.947657511655832E-7     -2523119.68912902+143590.7136915833i              1.0160496506240677E7
0                         2.3837125222619716E-7    3.146040095279286E-7     -1859828.011872964+244148.38995874982i            9192000.413164806
-3.3087224502121107E-24   2.987758188315725E-7     3.49862275930646E-7      -618489.1468845682+372411.0438835391i             8695088.827171223
3.3087224502121107E-24    4.0481067694876277E-7    1.622613169736564E-7     1742350.8236966871+860806.6181873461i             1.4276335514604181E7
6.6174449004242214E-24    3.7922861640659704E-7    2.5872567663945717E-7    1205916.7631868161+903555.9876675525i             1.159043162747204E7
0                         4.0481067694876277E-7    2.5753493727551003E-7    607875.8990861373+497837.8353825585i              1.0870757701644182E7
0                         4.0481067694876277E-7    2.0714308067700738E-7    1143140.0467411422+669862.3555927017i             1.235490293663534E7
0                         4.048106769487628E-7     2.79063042588469E-7      715524.7058963683+512792.4702258694i              1.001626951673674E7
3.3087224502121107E-24    4.0481067694876277E-7    3.379968755225224E-7     617628.2945080743+410266.61417192634i             7560171.795336052
-3.3087224502121107E-24   3.784650435248287E-7     3.533711258179332E-7     585211.8827334263+490562.5727682209i              7864937.575675979
-3.3087224502121107E-24   4.0481067694876277E-7    3.6038578813905066E-7    402988.9254073168+291218.08059336274i             6745510.355924264
8.271806125530277E-25     2.1870583030792516E-7    4.1491011538750973E-7    -353627.91573389503+100483.46247975965i           4852949.276276753
3.3087224502121107E-24    3.3029999519553334E-7    4.308186424710969E-7     71317.88973422332+60578.87268649673i              2671399.023556472
0                         3.157566329072141E-7     4.4572366844655277E-7    4444.709714729516+3339.5660194612014i             2933104.0271106847
0                         3.555500665578171E-7     4.457236684465527E-7     -3794.9714022856865+1175.1637355266294i           1902921.7330877194
0                         2.140038958768217E-7     4.4572366844655277E-7    -19213.0499205152+2445.434809341025i              3248995.5117228203
-1.6543612251060553E-24   3.040417081880036E-7     4.4572366844655277E-7    -19891.151812806937-4307.828611893677i            3230261.6937356503
-6.6174449004242214E-24   3.1346570626984056E-7    4.252272709540098E-7     149914.2922874969+186492.87834758864i             3489622.2721885378
0                         4.0481067694876277E-7    4.099925578214459E-7     156555.40317799037+120546.00844557595i            3933901.9486430357
-8.271806125530277E-25    2.0391193386512348E-7    3.133088118671505E-7     -2690443.010332437-36133.794058008745i            9843923.471674867
0                         1.866739156564935E-7     4.4572366844655277E-7    171020.47224426887+47139.57358363462i             3746139.459136016
0                         9.946902311506326E-8     3.227972936925604E-7     -5475087.084486546-1262513.5690075732i            7359038.398009169
1.0587911840678754E-22    0                        3.320837385612162E-7     -6142488.878899663-1683447.7688634777i            6414303.731605906
0                         9.754913313934993E-8     3.27493234507198E-7      -5248559.701412958-1212702.930291477i             7001484.454936957
3.3087224502121107E-24    7.611575413599854E-8     4.457236684465528E-7     6427.685585646567+2867.4227291024313i             1850201.7265746098
0                         1.7748454918846047E-7    4.4572366844655277E-7    -81813.40673619922-35929.15369526122i             3009443.950590348
0                         0                        4.4572366844655277E-7    -12684.20397377441+316.786561317487i              13799.594481530017
-8.271806125530277E-25    2.101473059029679E-7     3.08022941317334E-7      -2713694.791560215-31310.187433535008i            9891204.63886456
0                         1.9134251536632702E-7    4.4176598740277313E-7    -56206.59309252396+25582.00270557439i             4096130.712424579
3.3087224502121107E-24    4.0481067694876277E-7    4.457236684465527E-7     -24368.4081737583-3103.9163337184837i             3338095.9872856494
0                         1.913342646905238E-7     4.4572366844655277E-7    38706.558640066774+17948.304797251214i            4552836.852791941
0                         9.688521219864761E-8     3.206212832158238E-7     -5647096.501937255-1312759.389633308i             7531811.04993037
