% Model:              omc_unitcell_iso.mph
% Version:            COMSOL 6.2.0.658
% Date:               Jul 1 2026, 12:03
% Dimension:          3
% Nodes:              357
% Expressions:        1
% Description:        Electric field, y-component
% Length unit:        m
% X                       Y                        Z                        ewfd.Ey (V/m) @ lambda=4E-12
3.3087224502121107E-24    2.909408219456692E-7     -9.116802241037532E-9    -1106982.1069534188+1049323.703312848i
0                         3.2456485463078355E-7    -4.6565295574875403E-8   -134391.8491836277+1338626.4742723547i
-3.3087224502121107E-24   3.3399999999999995E-7    2.3237673013821025E-23   139505.28543484327+1375538.4007741394i
0                         3.244222491082903E-7     4.763785119570128E-8     -188995.9697970468+1287252.14766277i
2.274746684520826E-24     2.1457445665613249E-7    7.513119464638829E-8     -3268682.1541735427+371930.0892388711i
-4.1359030627651384E-25   2.3137191849259872E-7    7.459854219388789E-8     -2844093.1823739544+524658.348777047i
5.583469134732937E-24     2.1546807526161548E-7    7.885366946571899E-8     -3310350.8103105677+360542.3576012251i
-4.1359030627651384E-24   2.1266302937631554E-7    7.841650960755042E-8     -3299647.729910999+387540.36673269473i
4.963083675318166E-24     2.134882250777196E-7     8.095135089960772E-8     -3134941.267721259+453586.8418786468i
0                         3.163900648998948E-7     6.520876694083002E-8     -209489.24292294224+1343825.926625241i
3.3087224502121107E-24    2.825435534890409E-7     1.1588092171619638E-7    -1354237.610052005+1142784.195414206i
0                         2.417815675611352E-7     1.4694938582000425E-7    -2733142.70896311+886345.9420638848i
0                         1.441492463204858E-7     -1.4983037208425967E-7   -5090268.520199661-243896.62968967212i
-3.3087224502121107E-24   1.3053269772374366E-7    -1.9855931543263272E-7   -6979064.86585539-911006.7901615296i
6.6174449004242214E-24    1.9534189390177093E-7    -1.762963768526468E-7    -4922899.751883367+127927.59736547277i
3.3087224502121107E-24    8.723907557817635E-8     -2.1034770269556345E-7   -8755323.706206948-1772882.8032133295i
6.6174449004242214E-24    9.079461477035323E-8     -1.5890299258642E-7      -6807785.910582414-1036853.3539616935i
0                         1.0185917752290108E-7    -9.033453138726522E-8    -5438394.875543965-669587.5438125997i
5.293955920339377E-23     0                        -2.1799999999999991E-7   -9693561.231084779-2249333.2260856777i
-9.926167350636332E-24    5.4729451025116196E-8    -9.194252576102937E-8    -5772287.424021402-777217.0405496132i
3.3087224502121107E-24    2.5498294835954666E-7    -7.02616853346351E-8     -2066312.1535968203+815062.9518557885i
-8.271806125530277E-25    3.047280241604408E-7     -5.389980015820028E-8    -679520.6521241929+1152573.6913653484i
3.3087224502121107E-24    2.4262951468959317E-7    -3.3727844817641724E-8   -2353937.7268749964+614925.3472224636i
-6.6174449004242214E-24   2.842388511482013E-7     -1.143672847943301E-7    -1269279.8364262572+1215241.2578126893i
8.271806125530277E-25     3.1734974094425616E-7    -6.47178657302182E-8     -301557.50834367797+1289193.413766318i
0                         3.225473848719573E-7     -5.6596895764559517E-8   -136789.54753605984+1345874.131396647i
0                         3.0727849354433177E-7    3.716187958667846E-8     -712479.2192844029+1152158.5162982936i
4.963083675318166E-24     1.9608915284010443E-7    -8.524725028083092E-8    -3830235.258210094+156542.16969009797i
-3.3087224502121107E-24   2.3687474334758368E-7    -1.5013343656633706E-7   -2863458.076782821+679384.0681541606i
-1.6543612251060553E-24   1.844986501477195E-7     -9.498502051979598E-8    -4249523.380176051+11564.204012428065i
0                         1.8647651061845574E-7    -8.149310160892542E-8    -4003985.3013299266+77313.61834768401i
0                         3.163330442293183E-7     5.306646607773194E-8     -223416.67907166696+1288357.0349771138i
0                         3.2286737959469416E-7    5.579691268901542E-8     255802.26671856892+1413554.4475883842i
-4.1359030627651384E-25   1.9958994130323732E-7    8.707457570639903E-8     -3553688.045090087+297221.61351578357i
0                         1.127542796764382E-7     1.6015247688143135E-7    -6701131.710669158-968332.6242809619i
6.6174449004242214E-24    1.9077053353123035E-7    1.7843893109443794E-7    -4879353.335583422+30386.780696779995i
-3.3087224502121107E-24   1.3457131188222352E-7    1.9764746760172172E-7    -7166490.076668419-939810.0268645519i
-6.6174449004242214E-24   9.16313733218809E-8      2.0955171772387743E-7    -8559269.662923176-1681718.0434545577i
0                         9.284097861045494E-8     1.6406606081566257E-7    -7194298.639779312-1199276.29054499i
5.293955920339377E-23     0                        2.1799999999999997E-7    -9808918.720188456-2378512.06499365i
0                         1.0110578132682427E-7    1.4502750844500253E-7    -6487848.475918156-933602.4990587356i
-1.6543612251060553E-24   8.347196322347463E-8     1.468051687236044E-7     -6686584.154869012-1001970.0713938298i
-3.3087224502121107E-24   5.262860403016093E-7     -3.671370149176759E-7    1955611.4846385529+1004443.9945534259i
6.6174449004242214E-24    5.326174360744307E-7     -4.454999999999999E-7    119377.78506056231-40902.4772385103i
4.963083675318166E-24     4.982054509356383E-7     -4.2188128458714213E-7   700736.8902711864+431649.00966507534i
-1.6543612251060553E-24   5.895251087508247E-7     -4.454999999999999E-7    33639.07250873348+80.69792952398893i
0                         4.406983669550136E-7     -4.454999999999999E-7    -30534.669468818192+2179.289464292777i
0                         4.0500000000000004E-7    -3.4694342761748135E-7   3415236.616997413+2113386.4976648143i
0                         4.0500000000000004E-7    -4.2015684848266105E-7   864452.6142578082+501371.120907128i
-1.6543612251060553E-24   4.6834749517382773E-7    -3.137342389695302E-7    4015757.5490262955+2222577.303678102i
-3.3087224502121107E-24   4.05E-7                  -3.121866787531193E-7    4326635.646250704+2763010.3618509597i
0                         5.088057071241112E-7     -2.969173048710213E-7    4258313.857713639+2151475.1976410486i
-3.3087224502121107E-24   4.2869941018243406E-7    -2.8124779152571903E-7   5164499.6649875445+3081673.3415907733i
0                         6.305278652133215E-7     -3.967511908904267E-7    1338455.6148260785+613486.9061165319i
0                         5.213935146841009E-7     -2.9250758040117066E-7   3961967.5368233672+2036268.8056808535i
0                         4.0500000000000004E-7    -2.397036580806863E-7    6558679.159200212+3857680.1136321174i
-1.6543612251060553E-24   4.750463203833237E-7     -2.658453244078209E-7    5294800.560131018+2829351.417441452i
3.3087224502121107E-24    4.40076569456082E-7      -1.931656489292975E-7    7164307.200298372+3882907.0012587067i
3.3087224502121107E-24    4.0500000000000004E-7    -2.107337597881088E-7    7259262.126860939+4227385.785438771i
3.3087224502121107E-24    4.1609298255046795E-7    -2.2640763205390853E-7   6675149.7943132855+3873417.510233358i
-1.6543612251060553E-24   4.0500000000000004E-7    -9.739946361074687E-8    8538605.015391909+4497697.635921949i
0                         4.05E-7                  -1.1714201167276451E-7   8547067.552210396+4623308.58382379i
1.6543612251060553E-24    4.3195813114958147E-7    -1.3077322704547869E-7   7994489.746598107+4216452.112737777i
-3.3087224502121107E-24   4.05E-7                  -1.3424495614328456E-7   8272436.813441997+4529423.212727518i
1.9852334701272664E-23    8.212083153451605E-7     -3.1056727163046257E-7   2250312.179214239+425897.61167038634i
-9.926167350636332E-24    8.152787305657055E-7     -3.164486616082703E-7    2271639.9182911958+423961.2170614236i
1.9852334701272664E-23    8.21862073429495E-7      -3.227964186944923E-7    2204703.4281785013+441872.82305431383i
-2.481541837659083E-24    7.913127097652019E-7     -3.429403134025503E-7    1765824.7209263637+319397.87866367033i
3.3087224502121107E-24    8.132164151273462E-7     -3.0889093502113745E-7   2257983.048348802+385282.84946257324i
9.926167350636332E-24     8.074199076255276E-7     -3.1553049877803573E-7   2236601.7270715386+371413.33640018944i
0                         6.721607233116906E-7     -4.455E-7                -91469.54192415878-10908.734927565209i
-2.6469779601696886E-23   8.981523529578601E-7     -4.4549999999999996E-7   69396.20945393895+7112.937392284675i
-3.3087224502121107E-24   7.253368457684986E-7     -4.4549999999999996E-7   -54608.29786007209-35479.25267552478i
5.37667398159468E-24      1.215E-6                 8.732574559229382E-9     1598697.9427746863-2181267.6195780225i
-2.0679515313825692E-25   1.1268959465037E-6       5.227169081700507E-8     2180753.770475593-1622263.078097831i
9.098986738083304E-24     1.2126376682739553E-6    6.403936259602957E-9     1591638.7697462502-2186413.853553938i
4.1359030627651384E-24    1.215E-6                 2.4988748140056306E-9    1570584.862628486-2172980.038927532i
0                         1.2149999999999998E-6    1.6701820046544376E-7    1081061.8310495308-1887395.8682603892i
0                         1.035904606529041E-6     1.0367114061262876E-7    2817064.4775356916-955880.542989078i
0                         1.2149999999999998E-6    -4.4549999999999996E-7   -131216.57329053798-138778.85733035684i
6.6174449004242214E-24    9.72699324040614E-7      -3.091343366762282E-7    1676254.0042489287-209007.62163517365i
1.3234889800848443E-23    1.0224598881796357E-6    -2.1985295013466604E-7   2190907.8535862267-659542.6863835878i
1.9852334701272664E-23    1.0875350022453794E-6    -2.077125204738675E-7    1767912.7327624739-925077.7907391496i
-1.3234889800848443E-23   1.2149999999999998E-6    -1.5626287560041607E-7   1226819.975706878-1860713.7123231946i
-1.3234889800848443E-23   9.752735153072758E-7     -2.1907271783560623E-7   2531346.236573357-398210.3796255874i
2.0679515313825692E-24    1.204310246553989E-6     1.348473096341726E-9     1567327.734149479-2187083.83415435i
0                         9.918136933547865E-7     -1.5462488159909355E-7   2872668.3235929934-558274.6755617737i
-3.3087224502121107E-24   7.509524380529078E-7     -1.2646894404393406E-7   5022485.986614676+1206056.3353130498i
0                         7.555756107920515E-7     -1.3896809380089228E-7   4864927.417705264+1221285.5081107237i
-1.6543612251060553E-24   7.361989458559782E-7     -1.3756863109985273E-7   4900613.0440848395+1310554.5038240466i
-1.6543612251060553E-24   7.646789088745446E-7     -1.0525281056743316E-7   4890661.841154489+1161404.000645814i
-9.926167350636332E-24    7.653409434289764E-7     -1.3735608732262426E-7   4654651.433498181+1114030.2009009202i
-1.6543612251060553E-24   7.905652758299973E-7     -1.2802704026114854E-7   4523867.369871388+888034.5817597662i
9.926167350636332E-24     6.40923865685546E-7      -2.6855387927708157E-7   3754569.436381043+1408103.9860280566i
1.6543612251060553E-24    5.768927342290918E-7     -2.7810202485500783E-7   3974250.618714264+1815166.8120104745i
0                         6.30284338872633E-7      -2.427472243185585E-7    4214388.564741752+1632930.7765271321i
1.6543612251060553E-24    6.638786016421364E-7     -3.4144155870584834E-7   2174828.442694935+828320.2598494778i
9.926167350636332E-24     6.596687504560925E-7     -2.523701309500776E-7    3910871.3979183845+1358706.8400678309i
3.3087224502121107E-24    5.743375248037586E-7     -2.162006507261736E-7    5139197.045730333+2311734.30121758i
-4.963083675318166E-24    7.322560753885223E-7     -1.1570613314772139E-7   5002757.797092895+1369754.1178753832i
-3.3087224502121107E-24   4.229476789816154E-7     1.2304930426346377E-7    8375233.433600202+4345188.33817991i
0                         4.0499999999999993E-7    1.2843267564053058E-7    8329191.021352184+4635197.869916282i
4.963083675318166E-24     4.0500000000000004E-7    1.0483433646592005E-7    8390206.825989233+4468866.76118956i
0                         4.3006386752658733E-7    4.609342036495255E-9     8390390.977941435+4049555.3474008357i
0                         4.0500000000000004E-7    2.5071177408604445E-8    8542095.093791066+4298337.428750132i
3.3087224502121107E-24    4.0500000000000004E-7    -1.6658777789044055E-8   8535508.850655148+4285787.554571703i
-1.6543612251060553E-24   5.057475649582711E-7     -7.083858521324827E-8    7434446.766492481+3568051.200964049i
0                         4.937156061610073E-7     -7.612275167876728E-8    7724428.2100402815+3684233.074850753i
3.3087224502121107E-24    5.163613659715325E-7     -8.972763520836649E-8    7169102.707119745+3441678.1113059754i
0                         5.224906744802441E-7     -7.347205790757949E-8    7303902.888438261+3407558.04252373i
0                         5.059971693914353E-7     -8.079731816234046E-8    7739118.956186384+3596100.359666061i
3.3087224502121107E-24    5.036663645851501E-7     -9.883236845865358E-8    7438958.744790021+3549631.35812041i
0                         5.125703033830536E-7     -8.207761118875145E-8    7418168.896911298+3557091.2706668056i
0                         4.756426370857559E-7     -1.4761615745927355E-7   7640328.274026967+3729671.2645254764i
-3.3087224502121107E-24   4.894059883646249E-7     -1.6776594515051276E-7   6897270.67899241+3406121.686364089i
0                         5.2041483771261E-7       -2.733237876229981E-7    4409382.323168065+2220770.302688151i
1.6543612251060553E-24    4.05E-7                  -4.454999999999999E-7    -31551.731520839967+963.3973442421257i
0                         1.458331962435541E-7     -2.408062306459975E-8    -4575863.074834452-261923.7554468751i
-4.1359030627651384E-25   2.1038990885193158E-7    7.377294459647265E-8     -3301116.575210118+314009.69008857635i
-1.6543612251060553E-24   1.9416718692265394E-7    -1.3838956692881505E-8   -3499920.2516055563+189520.4001034093i
-3.3087224502121107E-24   1.9390047367107988E-7    -7.248552237665454E-8    -3791961.768411193+159423.75119136026i
-8.271806125530277E-25    1.8036673360092985E-7    -7.978400357287589E-8    -4013398.868886381+49895.87761652043i
8.271806125530277E-25     1.7972923293965396E-7    -5.922009713511576E-8    -3962276.408518048+70313.28293634845i
0                         1.7823023133202587E-7    9.106668148712701E-9     -3684111.265758121+102336.26862879103i
-9.926167350636332E-24    4.3091712304994005E-7    1.4965408578099417E-7    7914673.029804928+4186034.3798531746i
-3.3087224502121107E-24   4.0499999999999993E-7    1.5536809998364214E-7    8017201.832521293+4473654.012556606i
1.075334796318936E-23     5.122763828886015E-7     3.016566432580802E-7     3664527.7890476547+2004939.4834828074i
-1.6543612251060553E-24   5.097713876176654E-7     2.962928230099749E-7     3971047.4172996953+2132934.9890673202i
-6.6174449004242214E-24   5.126962132280286E-7     2.946232044841032E-7     3939144.797098247+2085268.86818658i
6.6174449004242214E-24    5.030217762413025E-7     3.0014579672453795E-7    4053393.2765336493+2148929.158414156i
-1.6543612251060553E-24   5.023435948197871E-7     2.950052560091472E-7     4314138.378807451+2174691.8135607247i
-8.271806125530277E-25    5.010508055561108E-7     2.868242215369731E-7     4447472.431031129+2282895.1526194825i
-1.6543612251060553E-24   5.104784209867601E-7     2.879986309620584E-7     4305421.301437824+2155776.3838527934i
3.3087224502121107E-24    4.0499999999999993E-7    2.320617872425941E-7     6785625.389496669+3925699.146452863i
-3.3087224502121107E-24   4.05E-7                  2.735652982785125E-7     5592216.020881577+3343418.233749497i
-6.6174449004242214E-24   7.191603727256436E-7     1.8384425702366384E-7    4389057.8031158205+1320418.3260244206i
0                         6.566401525351968E-7     1.3140755295295209E-7    5477105.771081008+2038198.68623184i
0                         7.551942082376031E-7     7.367322629255253E-8     5035472.123028646+1212353.7680316097i
0                         8.291194103648033E-7     1.9104739296724595E-7    3802486.2917819144+546345.375927278i
0                         1.0306257635680043E-6    1.074706301271778E-7     2860319.8829567228-893426.5276562313i
-1.6543612251060553E-24   8.609381620105912E-7     2.047652995090036E-7     3356067.8878038884+294702.8110269354i
1.3234889800848443E-23    9.69082694158509E-7      2.6920211458902713E-7    2000985.91321875-345199.93705383287i
0                         1.2149999999999998E-6    4.4549999999999996E-7    -160713.96575255337-130850.39215523924i
1.6543612251060553E-24    5.323948620927943E-7     3.1268441278780743E-7    3402530.745238416+1724552.9499418964i
0                         9.846450483303935E-7     -4.525712638325865E-8    3348265.63339094-626964.5707594873i
0                         1.031894368243839E-6     1.0149810101139119E-7    2895243.2599186157-931198.4841741758i
1.6543612251060553E-24    8.592174677283653E-7     1.909730770230408E-7     3594064.375104864+412079.83684492507i
-6.6174449004242214E-24   8.439525938464243E-7     2.3246472173978106E-8    4661813.408524328+472047.15074331267i
-6.6174449004242214E-24   9.213280352766648E-7     -7.711784241910473E-8    3776788.0729672736-98489.57824129098i
0                         7.964552461523533E-7     -2.8655837292582008E-9   4940426.1428847+944925.193833118i
1.6543612251060553E-24    8.471326139072493E-7     1.8368893397569237E-7    3728240.120108225+452126.6817647736i
6.6174449004242214E-24    7.316898440905242E-7     -1.1522262200644509E-8   5532254.801939013+1451867.2589895483i
-3.3087224502121107E-24   6.217165401723967E-7     8.360856823412926E-8     5867348.925454946+2298282.0282985754i
0                         5.980928446312825E-7     -3.2447306999714584E-8   6373396.560042639+2615264.184699017i
0                         4.6038585260233153E-7    2.1063438057859217E-7    6421666.304543285+3507634.9126348i
-3.3087224502121107E-24   5.788830881781477E-7     1.5849592862598437E-7    6028780.191211512+2559719.2135716183i
3.3087224502121107E-24    5.081361512864311E-7     2.0812796802163802E-7    6058864.191363513+2949851.0199102573i
3.3087224502121107E-24    5.073661121690562E-7     1.7288797809411122E-7    6430687.775625814+3147846.7609299794i
3.3087224502121107E-24    5.68932418264637E-7      9.220206261200483E-8     6790489.829601975+2901573.50638844i
-3.3087224502121107E-24   4.978714350483425E-7     6.693244510335123E-8     7608856.501471828+3598412.0418398497i
3.3087224502121107E-24    5.322166986747205E-7     2.8971997978770405E-8    7554899.148257+3332620.3886200218i
3.3087224502121107E-24    4.873340538782457E-7     3.503827684482583E-8     7620841.735072618+3716166.0834309543i
-3.3087224502121107E-24   4.5796924466501724E-7    5.133081335852132E-8     8044306.161935113+3988613.3309331667i
0                         4.05E-7                  3.3660671764184514E-7    3638681.591205571+2379480.516989052i
-3.3087224502121107E-24   4.0499999999999993E-7    3.599381553071932E-7     3013244.076039018+1851047.8478892127i
0                         5.895251087508247E-7     4.455E-7                 -14594.67347066934-10778.020613102453i
3.3087224502121107E-24    5.326174360744306E-7     4.455E-7                 61177.14461322246-45386.43591016971i
-1.6543612251060553E-24   4.98804510473703E-7      4.2666430989725295E-7    450638.4656383145+312684.9368327832i
0                         4.406983669550134E-7     4.4549999999999996E-7    -11661.960173808016-5405.243497713572i
8.271806125530277E-25     4.0499999999999993E-7    4.2501238309926197E-7    800252.8513265173+418454.3658572403i
-6.6174449004242214E-24   1.5220354472666537E-7    8.983143980595564E-8     -4553738.815832709-256391.8467256973i
0                         4.4742000386481485E-8    7.651235828203531E-8     -5836687.268466158-792226.2709394895i
0                         1.5647318959968855E-7    2.5614712007988648E-8    -4234572.895679147-134303.21073396553i
-3.3087224502121107E-24   0                        8.104465163018918E-8     -5972071.656291361-926992.9089827487i
-3.3087224502121107E-24   1.262747717110734E-7     -3.804720076852329E-9    -4682854.582677943-314791.08229135734i
-6.6174449004242214E-24   0                        -6.174187176468793E-8    -5581710.247536863-829668.1287157129i
0                         0                        3.595848397815377E-8     -5703374.007842563-839807.3852211331i
0                         1.6125065480234575E-7    5.259751802102495E-9     -3903945.2767792023-4034.926648376262i
-1.3234889800848443E-23   6.486507101039389E-7     2.9033332083798283E-7    3359291.2220030846+1280993.7407077446i
-6.6174449004242214E-24   6.004299605272005E-7     2.913854910253725E-7     3495102.9007215886+1498087.5552760432i
3.3087224502121107E-24    6.620545807397854E-7     3.8896320905328457E-7    1381294.43336072+554710.5915345594i
-1.6543612251060553E-24   8.17518784022675E-7      2.109700810139343E-7     3586802.102651035+654523.4734759964i
3.3087224502121107E-24    5.587293487059081E-7     2.464395181103522E-7     4592074.003831277+2202177.0831641736i
3.3087224502121107E-24    6.239825438841986E-7     1.7597682247649222E-7    5060946.923771699+2011032.9433979911i
0                         6.173483705550245E-7     1.1782124918134718E-7    5857144.9973698445+2295069.5247054873i
0                         8.484967532180724E-7     2.0097995079794593E-7    3537002.2900524316+390281.4688009891i
-3.3087224502121107E-24   7.076888590887493E-7     4.1399052626569223E-7    620002.0773324977+216599.0914109324i
-6.6174449004242214E-24   9.416133751560109E-7     3.344897466239036E-7     1176037.6872974434-267962.8228518129i
3.3087224502121107E-24    7.253368457684986E-7     4.454999999999999E-7     40264.38299811835+73826.38486701736i
1.3234889800848443E-23    8.981523529578602E-7     4.454999999999999E-7     -58917.18270422987-25406.886282440122i
0                         8.529939627817213E-7     2.1376682197985615E-7    3296868.887250525+310242.66016991035i
0                         6.721607233116907E-7     4.454999999999999E-7     103476.5153393253+46173.60247378523i
1.6543612251060553E-24    4.05E-7                  4.454999999999999E-7     31551.731520839938-963.3973442425881i
-6.6174449004242214E-24   2.842388511482013E-7     -1.143672847943301E-7    1155181.8170665673+1134788.9893028939i
0                         3.2723864918696265E-7    -1.1618389509387602E-7   734397.45235983+920878.9133392941i
8.271806125530277E-25     3.1734974094425616E-7    -6.47178657302182E-8     814506.5542023364+585222.9926086203i
0                         2.9589792924300793E-7    -1.6529353632223291E-7   886477.9108000506+1274273.945421543i
0                         3.2848136844983233E-7    -1.4549972275350203E-7   767854.477440432+1088981.7564242124i
-3.3087224502121107E-24   3.7267757677020274E-7    2.822401991966959E-9     1470444.758384484+727991.815941327i
-3.3087224502121107E-24   3.3399999999999995E-7    2.3237673013821025E-23   190127.3753666702+333068.24602985976i
0                         3.2456485463078355E-7    -4.6565295574875403E-8   385460.61903409834+501563.5034386625i
0                         3.372072708007166E-7     -4.565449056299681E-8    777487.5263440794+610413.7568138543i
0                         4.0500000000000004E-7    2.5071177408604445E-8    1516898.7559268395+759292.6850705881i
0                         3.3527326626917976E-7    4.844029866167916E-8     657037.0719322865+557190.7668437603i
0                         3.244222491082903E-7     4.763785119570128E-8     419992.0271544632+516517.52823498205i
3.3087224502121107E-24    4.0500000000000004E-7    -1.6658777789044055E-8   1487896.9094420746+758776.3411101048i
0                         3.3781097628247143E-7    -1.0386707252008429E-7   964964.4270602759+918905.7881968563i
-1.6543612251060553E-24   3.73520735760809E-7      -1.1813917207165913E-7   1589516.03779082+1003366.4306047314i
-8.271806125530277E-25    3.481432612687642E-7     -7.56723390904528E-8     1059440.0366016307+754147.1551201534i
0                         3.225473848719573E-7     -5.6596895764559517E-8   729616.0432371504+647181.4132216971i
-3.3087224502121107E-24   1.3053269772374366E-7    -1.9855931543263272E-7   -5766801.568018129-594959.3052292654i
0                         1.220780421927859E-7     -2.2273482788497544E-7   -6525840.5726235835-910709.2789043408i
3.3087224502121107E-24    8.723907557817635E-8     -2.1034770269556345E-7   -8019535.080513057-1540805.1528309586i
0                         7.448056229228033E-8     -2.7470966566578347E-7   -7765392.4502651105-1725382.4593992056i
-3.3087224502121107E-24   1.8352865659065677E-7    -2.3735387190800953E-7   -3865796.6437517866+48274.766052866755i
3.3087224502121107E-24    1.7756394546135606E-7    -2.0335207816822267E-7   -3736569.9711720645+160816.00635806646i
6.6174449004242214E-24    1.9534189390177093E-7    -1.762963768526468E-7    -2419964.822143236+613591.8420957932i
0                         2.059510026061127E-7     -2.12004018437044E-7     -2474989.7289474555+525480.4827284376i
-3.3087224502121107E-24   2.3687474334758368E-7    -1.5013343656633706E-7   -612035.8962774376+897424.2323899935i
0                         2.809906343574287E-7     -2.0238054224862738E-7   -52105.83084067002+1198464.8409266833i
0                         2.285285474353789E-7     -1.9109266393329248E-7   -1698510.4463978834+772684.6081381808i
0                         2.4473141976354446E-7    -2.278223636251061E-7    -1584816.3219021838+779261.4114871677i
5.293955920339377E-23     0                        -2.1799999999999991E-7   -9855369.157950664-2368613.1260340414i
1.6543612251060553E-24    5.989077153941894E-8     -2.9157422525523383E-7   -7551478.543722542-1738922.4127084557i
-4.963083675318166E-24    3.486559627778935E-7     1.2183064816546836E-7    788077.9128130396+860220.7845785347i
-8.271806125530277E-25    3.261520207172293E-7     7.509251767450445E-8     807115.604424085+652379.532786077i
-4.963083675318166E-24    3.2438824254503895E-7    1.1696663682194968E-7    1265714.6763033846+1117871.6830265822i
0                         3.2286737959469416E-7    5.579691268901542E-8     704619.792952726+555426.5808531515i
3.3087224502121107E-24    2.825435534890409E-7     1.1588092171619638E-7    859228.1092799105+1017587.322758651i
0                         3.163900648998948E-7     6.520876694083002E-8     1236283.7998146182+701560.1458594503i
6.6174449004242214E-24    2.731387494325709E-7     1.6045824761512003E-7    101644.7733697916+1039557.6308659769i
0                         2.40118382919569E-7      1.821382005347734E-7     -849098.9318678279+1040189.6904810285i
0                         2.417815675611352E-7     1.4694938582000425E-7    154702.98190657824+1229200.1607658924i
0                         2.7142591451613846E-7    1.9693099311231565E-7    -551206.5385920565+1068968.8549861687i
6.6174449004242214E-24    1.9077053353123035E-7    1.7843893109443794E-7    -2720079.444141179+510796.65096277354i
3.3087224502121107E-24    1.827670275842819E-7     2.2393899650834713E-7    -3999143.3791522826+32849.96609904308i
-3.3087224502121107E-24   1.3457131188222352E-7    1.9764746760172172E-7    -5719687.101500148-551044.7326501096i
0                         2.1705164509244379E-7    2.2419796653180624E-7    -2521455.55627399+512697.5587303549i
0                         1.528390136559086E-7     2.347632528767295E-7     -5373378.067580389-548941.5499907853i
-6.6174449004242214E-24   9.16313733218809E-8      2.0955171772387743E-7    -7775634.80866266-1430254.7904748528i
-1.6543612251060553E-24   9.53014522433121E-8      2.9921048943762033E-7    -6472556.238607887-1352198.261274646i
5.293955920339377E-23     0                        2.1799999999999997E-7    -9908500.622690246-2397932.188115308i
0                         7.831495770055783E-8     3.225805699964696E-7     -6159899.250917136-1395372.6986328757i
3.3087224502121107E-24    1.7942617095072962E-7    2.5903385663126144E-7    -4113700.7699338146-162745.29700831106i
-3.3087224502121107E-24   4.05E-7                  -3.121866787531193E-7    836811.2496156506+520467.155652832i
0                         4.0500000000000004E-7    -3.4694342761748135E-7   467648.1962567374+349835.5579055894i
-3.3087224502121107E-24   3.8609509271723143E-7    -3.3082506059804267E-7   902561.7440253199+658009.9622635071i
0                         3.6651440745773254E-7    -1.6143933001622153E-7   1499766.925581876+1059309.2651798802i
-3.3087224502121107E-24   3.7131883893163374E-7    -2.1213537535522666E-7   1513131.3486316684+1124302.9487002918i
3.3087224502121107E-24    4.0500000000000004E-7    -2.107337597881088E-7    1125352.3224383823+716077.0884965708i
0                         4.0500000000000004E-7    -2.397036580806863E-7    1178362.9396577298+713554.0896028326i
-1.6543612251060553E-24   4.0500000000000004E-7    -9.739946361074687E-8    1417816.4108486397+778022.4896857799i
0                         4.05E-7                  -1.1714201167276451E-7   1314068.7698653615+740917.362306567i
-3.3087224502121107E-24   4.05E-7                  -1.3424495614328456E-7   1324506.4905507427+761331.058809306i
0                         3.665707625436965E-7     -3.504214866779362E-7    435686.99515939434+501016.648829241i
0                         3.089463317645683E-7     -4.0658160224745466E-7   129249.32824519103+328885.7731174196i
8.271806125530277E-25     3.8411510713301346E-7    -4.4549999999999985E-7   -34397.787681155656-15696.881343039262i
0                         4.0500000000000004E-7    -4.2015684848266105E-7   113717.60914515848+74932.66421111044i
-6.6174449004242214E-24   3.155028589949371E-7     -4.454999999999999E-7    18151.56245317759+13098.737564206172i
3.3087224502121107E-24    2.87063175945506E-7      -4.454999999999999E-7    51939.58756798249+14975.343291160707i
9.926167350636332E-24     2.1722041413852832E-7    -4.454999999999999E-7    -17584.510010597685-5375.539505984801i
0                         2.0840315975913164E-7    -4.052084166440978E-7    -700770.1554200178+106696.27435576635i
-1.6543612251060553E-24   2.4707677954244353E-7    -4.0559583864461137E-7   -727621.6625105126+87576.16274631671i
6.6174449004242214E-24    1.8381193472561107E-7    -4.454999999999999E-7    28208.178533837316+6470.8227983908255i
-1.6543612251060553E-24   3.1589998082376315E-7    -2.9120126283833433E-7   -128416.32050120311+839114.6589794516i
-1.6543612251060553E-24   3.1967893196663337E-7    -2.7490047141194047E-7   32324.077868725617+933667.2515692158i
-6.6174449004242214E-24   3.11885486656784E-7      -2.721278519896205E-7    -32819.563188173925+992335.9396335132i
-3.3087224502121107E-24   3.1835704815807105E-7    -2.652917891428765E-7    167886.45716820058+1007064.1573404486i
1.6543612251060553E-24    3.328258745815588E-7     -2.681823842624209E-7    204895.77683673333+910107.2201260685i
0                         3.2215553629419776E-7    -2.5243382297855174E-7   267955.0293609236+1038978.216994025i
-1.6543612251060553E-24   3.043429408055094E-7     -2.6089305079404214E-7   -77107.97784377683+1027024.0044930973i
3.3087224502121107E-24    3.2179985988153985E-7    -1.927950442301918E-7    495716.95526661305+1168863.4596515184i
4.1359030627651384E-25    1.0205880176318907E-7    -3.65934549534446E-7     -3914720.906195552-834254.23254644i
3.3087224502121107E-24    1.229602579813722E-7     -4.454999999999999E-7    -11182.679045557648+4248.67113664293i
6.6174449004242214E-24    9.187797074751496E-8     -4.454999999999999E-7    7176.255226456082+7250.534613592785i
2.7917345673664684E-24    1.0118710880551074E-7    -3.6580289809793065E-7   -4072243.2043066937-882793.1985201532i
-8.375203702099405E-24    1.01346545756948E-7      -3.646618042051065E-7    -4275722.199106672-962117.2284331132i
-8.375203702099405E-24    1.0128230550336893E-7    -3.6501221436648336E-7   -4197962.02499754-934635.3962963382i
-8.375203702099405E-24    1.0162327474647366E-7    -3.6497176650213317E-7   -4101059.9022385604-886384.0232708551i
2.3781442610899546E-24    1.0001298374534613E-7    -3.6453617679211123E-7   -4310495.340906199-986650.887001734i
3.101927297073854E-25     1.0488740949516866E-7    -3.655423174223095E-7    -4037152.1446835236-879012.7255332198i
0                         0                        -4.4549999999999996E-7   -92591.30686497572-30063.15580760947i
0                         0                        -3.4538085935338504E-7   -5720285.02117468-1446856.0365467556i
0                         9.957408903520677E-8     -3.6076487094149834E-7   -4336611.360126911-950907.0265983772i
1.6543612251060553E-24    4.05E-7                  -4.454999999999999E-7    -3111.3155846150644-3597.8447145542486i
0                         3.0989437806273314E-7    -3.5824145004601504E-7   -116376.66644097345+541346.4787133049i
1.6543612251060553E-24    2.2338048895211112E-7    -3.786997143671236E-7    -1278825.2674976834+108502.93490346633i
1.6543612251060553E-24    2.0997228703535474E-7    -3.7854053528575486E-7   -1603500.6117227483-4317.273729928558i
-1.809457589959748E-23    1.8879687046885873E-7    -2.9704586673540736E-7   -3896766.68032628-220295.3668967584i
-1.809457589959748E-23    1.8896361542786332E-7    -2.9701769426919125E-7   -3793736.110799925-171099.8687661368i
-1.809457589959748E-23    1.888962323811267E-7     -2.971571613511841E-7    -3790974.874376565-173362.06535001541i
-1.809457589959748E-23    1.890514545954827E-7     -2.9715996888192254E-7   -3484359.8862939524-59511.682295753024i
1.3958672836832342E-24    1.8917170216459414E-7    -2.9700891836352635E-7   -3612169.494518485-81221.5698673043i
-2.3005960786631082E-24   1.8921867874226825E-7    -2.980420331746075E-7    -3716835.0735202376-175915.1350843097i
3.5155176033503676E-24    1.896369518407359E-7     -2.974196339012212E-7    -3511104.0210843906-76315.6588270008i
1.0339757656912846E-25    1.8641695911796334E-7    -2.9692825149633596E-7   -3830750.848647537-206037.42017074287i
2.7658851732241863E-24    1.892275534648743E-7     -2.966859820971423E-7    -3834563.561106421-178446.11437961174i
8.013312184107456E-25     1.8869733953674342E-7    -2.966931670688722E-7    -3841418.851233218-218784.8973724409i
3.3087224502121107E-24    0                        -3.1680208622107123E-7   -7389404.042444381-1896999.5458159603i
1.6543612251060553E-24    7.198442187251522E-8     -2.902850317424322E-7    -7364621.672773627-1633047.685247219i
0                         3.527479741298276E-7     1.0156705453702295E-7    908449.5670370869+833485.2556315043i
4.963083675318166E-24     4.0500000000000004E-7    1.0483433646592005E-7    1509050.8529175583+773970.3133413498i
0                         4.0499999999999993E-7    1.2843267564053058E-7    1557511.4261964476+816754.7525986438i
1.6543612251060553E-24    3.125318136652158E-7     1.5181590896225756E-7    836465.5847845473+1189473.4237677138i
-4.963083675318166E-24    3.303829611806797E-7     1.2762098538370945E-7    1224445.2530218945+1131352.0332975078i
-3.3087224502121107E-24   3.538621305915753E-7     1.4618654962126732E-7    641123.5537616515+830408.90262897i
-3.3087224502121107E-24   4.0499999999999993E-7    1.5536809998364214E-7    1320463.1280027141+729190.3474738384i
-3.3087224502121107E-24   3.72727081607797E-7      2.0046709680154934E-7    458971.1206227861+742976.9816162891i
0                         3.3004770761928105E-7    1.7732094118206457E-7    1349087.2009048932+1319661.3516251273i
0                         3.0147508767166456E-7    1.9577052087250105E-7    465181.1150879265+1263170.0852582636i
0                         3.4345836922371087E-7    2.2319147254519124E-7    679748.8312856618+1055127.8707881607i
-3.3087224502121107E-24   4.05E-7                  2.735652982785125E-7     805333.4422863596+522067.88858254836i
-3.3087224502121107E-24   3.720860354356362E-7     2.5052669610440564E-7    1246295.560804732+996219.063560435i
3.3087224502121107E-24    4.0499999999999993E-7    2.320617872425941E-7     1175346.8107362182+697350.3342337458i
3.3087224502121107E-24    0                        3.1811914064661494E-7    -7410306.300637922-1924887.165998488i
-3.3087224502121107E-24   2.6757782579705685E-7    2.8078293011286835E-7    -1403175.6492240566+594491.3364131625i
1.6543612251060553E-24    2.1178523028094897E-7    2.571653866646535E-7     -2953167.8603234384+279117.09350998624i
0                         2.311789658019234E-7     3.1969155330587577E-7    -2116205.9810463665+202582.25305126936i
3.3087224502121107E-24    2.6846293266663124E-7    2.3306344821711997E-7    -790103.970442648+934723.5554640349i
3.3087224502121107E-24    3.3760489149344435E-7    2.609988592843833E-7     354458.8556771146+963188.8783145229i
3.3087224502121107E-24    2.992648110598895E-7     2.3033719615781518E-7    249534.4211017889+1182753.2173850313i
0                         3.13925395903042E-7      2.770137997670035E-7     285953.2475056444+1030397.9292894534i
1.6543612251060553E-23    3.2927163314406747E-7    3.616657464838949E-7     9491.787047365951+553302.700952501i
-1.6543612251060553E-24   3.293741581456172E-7     3.539250287028797E-7     190004.5809681124+623474.4067167857i
1.6543612251060553E-23    3.3390163942382485E-7    3.620691145343137E-7     34125.130370282015+531656.3118265445i
-8.271806125530277E-25    3.3553216352451E-7       3.4355600213024507E-7    129761.81236177142+579215.5665238311i
5.790264287871194E-24     3.3337253503560996E-7    3.701588306747554E-7     25264.479406433922+475838.31724189036i
-2.481541837659083E-24    3.129454890763891E-7     3.603046123239545E-7     -109946.227045955+534663.1014078186i
8.271806125530277E-25     3.4157106015514567E-7    3.544596371314311E-7     10149.418994349213+455179.23096076894i
-4.963083675318166E-24    3.409634210589772E-7     3.6209772157797953E-7    36228.52983092069+462655.99000211124i
-8.271806125530277E-25    3.2473826955975E-7       3.697089993008175E-7     65746.1115564394+515572.3266034617i
3.3087224502121107E-24    3.790085081135071E-7     3.091434151373879E-7     877596.1455363058+766618.881371914i
0                         4.05E-7                  3.3660671764184514E-7    674779.248164466+432753.519059201i
-3.3087224502121107E-24   4.0499999999999993E-7    3.599381553071932E-7     545005.0131888157+349901.20697236626i
-4.1359030627651384E-25   3.661809926110364E-7     3.9949853692337553E-7    -26619.8992205119+249799.84125821124i
8.271806125530277E-25     4.0499999999999993E-7    4.2501238309926197E-7    50331.89218193795+47062.77741986807i
0                         1.1115187150364822E-7    3.230096667381466E-7     -5510393.613198121-1094341.7456234065i
-3.3087224502121107E-24   1.9232187095677768E-7    3.3717828838712353E-7    -3252305.6743996404-323384.0854402559i
6.6174449004242214E-24    1.8601180600101045E-7    3.673769359421495E-7     -2189700.287833429-137139.1545390583i
0                         1.123003350172797E-7     3.41921842047284E-7      -4711298.845096481-956058.6364415309i
0                         1.5455481895543223E-7    4.1436884091150925E-7    -1795876.2948451738-446402.2651641841i
3.3087224502121107E-24    2.2089071643573936E-7    3.554368049398117E-7     -1749111.3565121184+132180.75849194443i
0                         2.052318650827309E-7     4.035065197448565E-7     -544738.3743142819+179609.13309185544i
0                         1.8381193472561104E-7    4.4549999999999985E-7    -5085.291472531157-2495.4937813858037i
-6.6174449004242214E-24   2.1722041413852846E-7    4.4549999999999985E-7    17584.51001059577+5375.539505984376i
0                         3.841151071330135E-7     4.454999999999999E-7     19956.57412053201+8105.57313233202i
6.6174449004242214E-24    3.1550285899493716E-7    4.4549999999999985E-7    -18151.56245317636-13098.737564206796i
3.3087224502121107E-24    2.61414520217548E-7      4.040926537954267E-7     -572648.6013645935+159558.16876363222i
3.3087224502121107E-24    2.87063175945506E-7      4.4549999999999985E-7    -41779.5183996298-21205.80662496338i
1.6543612251060553E-24    9.318306857917759E-8     3.341960237443665E-7     -5480913.806314972-1198729.7953310858i
0                         2.709295942038924E-8     3.4053980689009577E-7    -5890626.188176875-1463132.8358311797i
0                         9.936968505764839E-8     3.668589632183645E-7     -3496366.1353910402-681991.647730123i
0                         1.2296025798137228E-7    4.454999999999999E-7     23017.664057335+4042.1411802801035i
0                         9.187797074751499E-8     4.454999999999999E-7     -7176.255226456794-7250.534613593067i
0                         0                        4.4549999999999996E-7    -44087.623507529264-4883.691200328933i
0                         0                        3.466979137789287E-7     -5628299.483856754-1416983.9272940876i
1.6543612251060553E-24    4.05E-7                  4.454999999999999E-7     -27131.552829423377-11462.147341687669i
