% Model:              omc_unitcell_iso.mph
% Version:            COMSOL 6.2.0.658
% Date:               Jul 1 2026, 11:45
% Dimension:          3
% Nodes:              305
% Expressions:        2
% Description:        Electric field, y-component, Electric field norm
% Length unit:        m
% X                       Y                        Z                        ewfd.Ey (V/m) @ lambda=5E-12                      ewfd.normE (V/m) @ lambda=5E-12
-3.3087224502121107E-24   3.11640147700064E-7      -1.1976618988071797E-8   -5695575.500037194+1.6633685004327334E7i          1.7646271899503864E7
8.271806125530277E-25     3.251713317899763E-7     -4.5402139950156244E-8   -5490638.950726847+1.6099034878647259E7i          1.739821598280399E7
3.3087224502121107E-24    3.341587528859366E-7     2.3248404524220318E-23   -5103032.507001971+1.5422890354704663E7i          1.6275225959080296E7
3.3087224502121107E-24    2.1377803373446657E-7    -8.98969548131277E-8     -8108398.853065133+2.0958324434996076E7i          2.3087217132237017E7
3.3087224502121107E-24    2.873933361043472E-7     -1.114077343861201E-7    -6550890.835767092+1.802794953655889E7i           2.0758712048090644E7
0                         3.182396563385692E-7     -6.343381124083152E-8    -5708234.343865082+1.6551612696245743E7i          1.8108188645142976E7
-1.6543612251060553E-24   1.99411942363288E-7      -1.1418858509067949E-7   -8617456.82994396+2.1727494058902454E7i           2.429061807838357E7
0                         2.1845653395423077E-7    -1.6518554386307116E-7   -8796188.832654692+2.17418383216937E7i            2.5228424846520968E7
3.3087224502121107E-24    2.4663417250518805E-7    -1.4426116112124456E-7   -7801560.673075051+2.0081692631500572E7i          2.337602463000109E7
-1.0339757656912846E-25   1.1513907745767914E-7    -2.0461885748524736E-7   -1.1485791340183467E7+2.5746627279301222E7i       2.898628009418417E7
4.1359030627651384E-25    2.5720174943636357E-7    5.1192065844283316E-8    -7036280.270321023+1.9110534381229624E7i          2.0652162170873817E7
0                         2.538559103127853E-7     5.584570174921412E-8     -7114547.795321466+1.9254313616709076E7i          2.0818551831296913E7
0                         3.24970696555981E-7      5.0869258428683064E-8    -5440096.4842705885+1.6002815196678255E7i         1.7303794115545202E7
0                         3.258812924319995E-7     4.569473248067654E-8     -5411699.191824709+1.5945909227642868E7i          1.7216442048403658E7
-3.3087224502121107E-24   2.951442792554136E-7     1.024258598957873E-7     -6104895.172048157+1.7218975930293806E7i          1.969490492168125E7
0                         3.221038368927431E-7     5.584714369209338E-8     -5519138.812156283+1.612128720771673E7i           1.7500679855721854E7
0                         2.5315329523993733E-7    6.001853845885086E-8     -7142793.976295948+1.9282891597345386E7i          2.091537674592052E7
0                         2.5085145295922413E-7    5.462592438847495E-8     -7161391.806484634+1.931824166345191E7i           2.087947660114468E7
-1.6543612251060553E-24   1.8936295177487544E-7    -5.345153217925148E-8    -8411007.708655609+2.16272892351212E7i            2.344941103986683E7
0                         3.0382501758412077E-7    -4.485991782714857E-8    -5943781.757073678+1.7015126905979168E7i          1.8409336764199518E7
0                         3.232695709983424E-7     -5.53045889386516E-8     -5555944.916560668+1.625901237413127E7i           1.7645036046575695E7
3.3087224502121107E-24    2.3887937212247125E-7    -7.0981566033776E-9      -7160532.090081898+1.9464269810162902E7i          2.0807329350128837E7
0                         2.1590675670731769E-7    1.6443578411235084E-7    -8648932.65965996+2.1461194532708168E7i           2.503396177389774E7
8.271806125530277E-25     2.0626333866638028E-7    1.6851892779815737E-7    -9279631.961261578+2.2525821811884437E7i          2.6137228864174157E7
8.271806125530277E-25     2.478102917674804E-7     5.7999085052770066E-8    -7310443.286162692+1.96270974410222E7i            2.1234051152895395E7
8.271806125530277E-25     2.0848700466590606E-7    1.7050596155886884E-7    -9275438.73179438+2.256717719465038E7i            2.63799362012257E7
3.3087224502121107E-24    1.8845011221180134E-7    -7.933319908910908E-8    -8518977.740909088+2.177181744361171E7i           2.3679793636171658E7
-1.0587911840678754E-22   0                        -2.184438086758795E-7    -1.2400625044833586E7+2.6871499080984145E7i       2.961793531363639E7
6.6174449004242214E-24    7.412316040165247E-8     -9.059081845819273E-8    -9512763.756039767+2.3502458913978267E7i          2.54525778937748E7
0                         1.1222187758084808E-7    -2.0359382100811807E-7   -1.170490944031314E7+2.6037757907883096E7i        2.9222636610350385E7
-1.6543612251060553E-24   1.6148098076991665E-7    -8.194116355486126E-8    -8899440.711967675+2.2406998651297987E7i          2.438045823164328E7
0                         1.1244237034527167E-7    -2.0569679271964817E-7   -1.1854240797478423E7+2.628776723873418E7i        2.9497848821015775E7
0                         1.114934002831982E-7     -2.0583860403134034E-7   -1.2062756791830339E7+2.6557400757435907E7i       2.9788053150295563E7
0                         2.0046547469079038E-7    1.684949217441033E-7     -9490076.211187193+2.2845278920732178E7i          2.636116272507153E7
-3.3087224502121107E-24   1.1811756029585402E-7    1.0937180041687409E-7    -9445348.26222283+2.325494050147538E7i            2.5346024913756456E7
0                         9.892122696120922E-8     2.0811770775040243E-7    -1.2043307462003237E7+2.6510940491291787E7i       2.967309650306545E7
-1.0587911840678754E-22   0                        2.1844380867587958E-7    -1.2348587652096197E7+2.6805010712747727E7i       2.9520281363515597E7
8.271806125530277E-25     2.040893509695161E-7     1.7271580831706605E-7    -9542127.923193017+2.2954307340552106E7i          2.6497314078835413E7
0                         9.901265081548767E-8     2.086243933096728E-7     -1.210410070981523E7+2.6628049153102588E7i        2.982978110482053E7
-1.0339757656912846E-25   9.844532377288113E-8     2.0870917300429743E-7    -1.2184829150421072E7+2.671530970368459E7i        2.9884129585105665E7
0                         4.3156852068532967E-7    -9.441573109727262E-8    -4291244.239503451+1.8707107435182743E7i          1.9354307569231004E7
3.3087224502121107E-24    4.0481067694876277E-7    -7.106334885445178E-8    -4579344.234213359+1.9547378669464972E7i          2.016512966927147E7
0                         4.0481067694876277E-7    -1.2247503680099905E-7   -4994395.921683946+2.0178139573168617E7i          2.0998538573628947E7
3.3087224502121107E-24    4.2236659387354457E-7    -3.3156600261566373E-7   -3279778.60208238+1.1100453935609467E7i           1.846826256637199E7
-3.3087224502121107E-24   4.0481067694876277E-7    -3.1657404149144293E-7   -4149274.793618899+1.3598310859302947E7i          2.075498386762132E7
-3.3087224502121107E-24   4.048106769487627E-7     -3.4115748411427057E-7   -3277524.7323565246+1.082266912362961E7i          1.9831223477540016E7
0                         4.502508420350996E-7     -2.9324605695653366E-7   -3401432.1001137244+1.2355528298438469E7i         1.769990865072437E7
0                         4.561468564307357E-7     -2.3347254581814542E-7   -3988174.3363798778+1.5382882598109981E7i         1.797873018547938E7
-3.3087224502121107E-24   4.0481067694876277E-7    -2.218305523870462E-7    -5213863.047510693+1.8809678185981523E7i          2.136765190345439E7
0                         4.0481067694876277E-7    -2.491234228295679E-7    -5014500.486640126+1.7549208476519577E7i          2.1348691045594845E7
0                         4.0481067694876277E-7    -1.847936517365227E-7    -5264561.52743635+1.9708526373784278E7i           2.1576927178994704E7
0                         4.997136481438985E-7     -5.4578163674120465E-8   -3157150.456587623+1.583588306674634E7i           1.6258346787842201E7
3.3087224502121107E-24    4.489461804632103E-7     -5.6775778379933294E-8   -3888009.306488776+1.778040335830139E7i           1.8297571449118074E7
3.3087224502121107E-24    4.4989759452706147E-7    -1.6556817874517087E-8   -3800549.422167146+1.7560009753354765E7i          1.8055633967462335E7
3.3087224502121107E-24    5.064721380278715E-7     -9.25383604059818E-8     -3113366.9594735987+1.5371194323786514E7i         1.5958396944089333E7
-3.3087224502121107E-24   4.814698782554942E-7     -7.107843754157303E-8    -3471979.0368196936+1.662191571174249E7i          1.712329739694891E7
0                         4.0481067694876277E-7    2.3721473678056144E-8    -4270206.439066135+1.8987698493939552E7i          1.951490812312545E7
-3.3087224502121107E-24   4.0481067694876277E-7    -2.908572125757574E-8    -4349727.984078849+1.918228003359539E7i           1.9711487367505983E7
0                         4.375981764020514E-7     -1.443441900957181E-7    -4483736.033252206+1.8533138382988073E7i          1.9558118098188464E7
-3.3087224502121107E-24   4.993313195216967E-7     -2.159181114847459E-7    -3023569.483524235+1.3276080364904914E7i          1.5446645595355466E7
0                         5.165759812286529E-7     -1.5276612097377223E-7   -2885380.6680430733+1.41160564518501E7i           1.5104256505338503E7
0                         4.777461392223046E-7     -1.1661254719235383E-7   -3518458.7897246247+1.6312619114418026E7i         1.7117302194200523E7
1.6543612251060553E-24    6.117018165168023E-7     -2.3743763663215706E-7   -1414842.3306961947+8650359.767507836i            1.0783279736884508E7
-1.6543612251060553E-24   4.569758984411236E-7     -3.472823263841108E-7    -2449062.244266537+8670241.389208486i             1.6189428220206276E7
-1.6543612251060553E-24   4.0481067694876277E-7    -3.9919901680121826E-7   -1529015.9838159876+4966122.044677996i            1.9756674257966194E7
3.3087224502121107E-24    5.081525458428524E-7     -3.9970774983858666E-7   -743149.179822385+3086503.8229267523i             1.2457889756553346E7
3.3087224502121107E-24    4.962314594314798E-7     -4.457236684465527E-7    25005.83157223777-56438.90032550599i              1.259951810853817E7
3.3087224502121107E-24    4.2957613825231527E-7    -4.457236684465527E-7    -98312.12480689875+221917.80709540332i            1.7188969537068624E7
3.3087224502121107E-24    4.0481067694876277E-7    -4.457236684465527E-7    -25265.67684281908+59797.91134026074i             1.93359892486169E7
3.3087224502121107E-24    7.584990733679616E-7     -3.525345509788203E-7    -108023.34276156613+2700341.073982102i            6292924.354274225
1.6543612251060553E-24    6.455923658273635E-7     -2.9779599197226205E-7   -905086.7647198569+5967533.192281628i             9496898.82508966
-1.3234889800848443E-23   6.594171668704031E-7     -4.457236684465528E-7    5156.2516978418735-2648.571337396337i             7297486.848906968
0                         7.115433440389336E-7     -4.4572366844655277E-7   8359.502340491841-16145.727043250372i             6572037.697448311
0                         6.13672952558064E-7      -4.457236684465528E-7    -24098.72685538316+57415.66648341996i             8326965.901072707
0                         5.835703006909465E-7     -3.9683597509188217E-7   -630605.9872013915+2903870.511709405i             9678076.259132408
1.6543612251060553E-24    5.073206154392238E-7     1.6639490242751647E-8    -3096578.3670158423+1.5503919736720636E7i         1.594716618530724E7
0                         4.872041077290517E-7     5.2308274107395806E-8    -3328327.2464364613+1.6216712572870295E7i         1.668362730096776E7
0                         4.0481067694876277E-7    1.360940974810027E-7     -5059807.365051342+2.0157872538234748E7i          2.117920053095363E7
0                         4.0481067694876277E-7    5.720766611629198E-8     -4499969.4444346335+1.9537582874871273E7i         2.0109766216435842E7
0                         4.862892861970411E-7     7.59710070016916E-8      -3417347.171064788+1.6396178952829668E7i          1.69096258490123E7
6.6174449004242214E-24    1.7939660431371156E-7    5.0528916286388705E-9    -8209304.905044623+2.1452391468767017E7i          2.2988833689366784E7
0                         2.459427215263416E-7     5.2736472453813216E-8    -7310414.009640087+1.9638283228867706E7i          2.1212424905511066E7
3.3087224502121107E-24    1.5707454531081041E-7    6.25005572267353E-8      -8872478.71488035+2.2396784119240478E7i           2.4230726731848612E7
6.6174449004242214E-24    2.1433983851951722E-7    7.1700210684364934E-9    -7605514.129798535+2.0350998312599894E7i          2.175721860942676E7
0                         2.49260976348461E-7      5.607337329607634E-8     -7220367.120885236+1.943457193283516E7i           2.099921826318767E7
-1.3234889800848443E-23   6.246188711819906E-7     3.9309164022119866E-8    -1590880.6167159195+1.1652745061481116E7i         1.1835927077274246E7
0                         5.960440285226311E-7     2.988217108289382E-8     -1948075.9601525415+1.2619400232299248E7i         1.2853828397420537E7
-1.6543612251060553E-24   5.631430720862984E-7     6.27649824210615E-8      -2384565.4901187075+1.3625988984254995E7i         1.3955653049252622E7
-1.6543612251060553E-24   6.691471139469493E-7     -6.92448852235418E-8     -1186436.7922592205+1.0204931468618702E7i         1.0573017286552155E7
-1.6543612251060553E-24   4.4978337932055604E-7    1.5899387636454964E-7    -4285659.928401982+1.7694172450282168E7i          1.8873136552030273E7
0                         5.281021162220563E-7     1.0122790767266414E-7    -2764559.359371187+1.4296669893993365E7i          1.4912843284421578E7
0                         5.408635932871615E-7     1.6874223547965604E-7    -2451310.6077277493+1.2677111695852662E7i         1.383702377888916E7
0                         5.191967007498003E-7     7.363267056516884E-8     -2886411.5909732613+1.4925001337598164E7i         1.5369931813166728E7
0                         1.2144320308462883E-6    -4.4572366844655277E-7   231399.31598020624-335829.6040923762i             3236213.276275901
0                         9.711902279227485E-7     -1.706099099539873E-7    998345.3059308359+4090329.3139256304i             4922678.768466422
5.790264287871194E-24     9.829586933867662E-7     -1.6127963750351202E-7   1128384.7824839342+3995352.2955594365i            4697088.122254352
1.3234889800848443E-23    1.214432030846288E-6     -1.0860767275448962E-7   2560786.7326198807+1838933.4601469547i            3437921.761247904
1.3234889800848443E-23    9.682376450528536E-7     -1.6514818570509336E-7   977608.2562225026+4134740.649983484i              4786732.330576193
1.406207041340147E-23     9.726521862409165E-7     -1.6285283285125584E-7   1053413.0442351107+4011379.575102032i             4701585.776099954
1.6543612251060553E-24    9.626704923717386E-7     -1.6119038765285642E-7   1020071.3502747844+4088490.3274119827i            4702315.029301244
1.6543612251060553E-24    9.754909361905512E-7     -1.5889962744497584E-7   1110569.8131496704+4072765.441456668i             4722728.136450199
8.271806125530277E-25     9.387796828040267E-7     -1.92233150566557E-7     828666.513093567+4031712.632380616i               5017524.162589277
6.6174449004242214E-24    8.550869066977325E-7     -3.054656588009247E-8    471092.31349597475+6616166.463816965i             6748016.439917622
-6.6174449004242214E-24   7.891679577345008E-7     -7.479479087737868E-8    -25688.66299887872+7356918.829296291i             7586421.615585913
1.3234889800848443E-23    7.97048117412347E-7      -6.302097202391355E-9    91741.92408887738+7562361.023459832i              7603365.1228611935
6.6174449004242214E-24    7.520580860383995E-7     -1.3288742342409566E-8   -339309.19364436466+8608652.23549487i             8657208.517653473
0                         7.054127686436632E-7     -1.0157113773708578E-7   -825648.0971086251+9194282.928368106i             9546096.24484468
3.3087224502121107E-24    5.052561387145081E-7     -2.446466948904555E-7    -2775723.6568824137+1.2110563120621558E7i         1.46588198957425E7
0                         6.247238596707543E-7     -2.5434599037638164E-7   -1240203.6076234858+7899939.856705626i            1.0059674583788572E7
0                         5.214366592560964E-7     -3.381466525268136E-7    -1541606.635576921+6703681.889371899i             1.2570926516526217E7
-1.6543612251060553E-24   6.30222716919134E-7      -2.3418625134157275E-7   -1262041.3188910673+8270206.917129037i            1.025347936593778E7
6.6174449004242214E-24    5.576046715284379E-7     -1.2432629581684775E-7   -2283708.0301013584+1.2860994817758258E7i         1.355758002228104E7
0                         5.49458049142369E-7      -5.2424835329014184E-8   -2371293.620697724+1.3748614061888617E7i          1.4114261425185531E7
-1.6543612251060553E-24   6.772966468641454E-7     -1.1254496970161925E-7   -1064776.8988599263+9727152.922953408i            1.0146178832426246E7
0                         7.589645985661259E-7     -1.6652353284211032E-7   -199204.6826563032+6908084.48993128i              7599732.6047372315
0                         7.894428415806573E-7     -2.946914164752046E-7    -118425.71074939275+4102190.714906656i            6391812.88221681
-1.6543612251060553E-24   6.480993456055181E-7     -2.4946320709047333E-7   -1094350.280358116+7632651.110279907i             9607359.595610721
1.6543612251060553E-24    6.929039943739884E-7     -1.2131650012357304E-7   -921630.4173793187+9261082.797988374i             9707399.729522076
1.6543612251060553E-24    6.387782450892036E-7     -2.640761444177972E-7    -1105772.8404792591+7336523.330798896i            9703729.428742684
0                         7.742683920110035E-7     -3.156157027512449E-7    -158314.52383930905+3773384.1370960586i           6205462.51178525
-3.3087224502121107E-24   5.495370825295924E-7     -3.5901745045618887E-7   -1120529.8284615339+5129427.029648367i            1.0948975627570126E7
0                         8.518735131742949E-7     -4.457236684465528E-7    -10027.977095636677+9237.35957755494i             4880879.178774532
0                         8.064277864561567E-7     -3.349980882823954E-7    31553.211321031587+2826991.7465495504i            5627743.10519361
-3.3087224502121107E-24   4.3658923736319153E-7    2.472402499771893E-7     -4349726.3974212445+1.5906480172610838E7i         1.9382589730849303E7
0                         4.0481067694876277E-7    2.5753493727551003E-7    -5060608.557089658+1.7520071753354125E7i          2.144038631580508E7
0                         4.0481067694876277E-7    2.0714308067700738E-7    -5224998.973113065+1.9041983063971218E7i          2.1615818351899553E7
-2.6469779601696886E-23   7.245654816930181E-7     6.376431187878918E-8     -542718.5443915084+8945143.752493363i             9089909.113613255
0                         6.930442476933175E-7     5.100816087261462E-8     -855287.8788427165+9726559.483723897i             9879174.53234896
1.6543612251060553E-24    6.926043182087825E-7     -8.272410280721334E-8    -953796.0998880987+9544750.227430563i             9913023.948447268
0                         4.048106769487628E-7     2.79063042588469E-7      -4621452.636379184+1.5788045714944702E7i          2.095260691450134E7
3.3087224502121107E-24    4.0481067694876277E-7    3.379968755225224E-7     -3422018.1430829037+1.1258077864491813E7i         2.014760462943984E7
0                         4.7333691249732846E-7    3.3810438509062026E-7    -2386530.229861754+8753659.19066663i              1.5224650048231006E7
0                         4.7278923339143395E-7    3.314883455331893E-7     -2500140.0871970127+9191264.398794003i            1.5610527231449181E7
-3.3087224502121107E-24   4.0481067694876277E-7    3.6038578813905066E-7    -2869180.829006497+9266767.853313012i             1.9908896582582675E7
0                         4.0481067694876277E-7    4.099925578214459E-7     -1278697.4328577574+4043464.215233246i            1.953559651153268E7
0                         6.509859582013704E-7     1.3255461462843295E-7    -1295078.302865826+9965848.228415983i             1.0648373604480643E7
0                         6.705836698145423E-7     1.485399450120071E-7     -1086547.5955636532+9306183.628378151i            1.000768661806339E7
0                         6.578698432351904E-7     1.5991641382153506E-7    -1203583.009832238+9478896.754988573i             1.027917690197622E7
0                         6.410384686553871E-7     1.6274714920797545E-7    -1362114.4510807763+9838170.269912392i            1.0697351189675696E7
0                         4.788499947104467E-7     3.425026801200342E-7     -2035012.1003281523+7797165.103863582i            1.4710481985625906E7
1.6543612251060553E-24    4.2957613825231527E-7    4.457236684465527E-7     -43641.20667153072+84963.00732736055i             1.7249557054162543E7
0                         4.962314594314798E-7     4.457236684465528E-7     -25005.83157223313+56438.900325496266i            1.2736122136630222E7
-6.6174449004242214E-24   5.643604176755028E-7     2.482016625425285E-7     -1915301.9266540722+9791080.176414201i            1.2187367205728598E7
0                         6.526453161246262E-7     1.8190332702945102E-7    -1243458.5417826066+9193232.600446118i            1.0297144703650478E7
6.6174449004242214E-24    6.41117934249498E-7      2.923429392833327E-7     -939057.3462103251+6326416.353586426i             9197328.638827521
-6.6174449004242214E-24   5.761765813329171E-7     2.9910786931305563E-7    -1387507.6315572425+7324225.043460195i            1.0814987018779393E7
0                         4.820829262188099E-7     3.355042066868296E-7     -2046441.9457059763+8041426.242433469i            1.4339794941923657E7
0                         4.211107416564642E-7     1.7500732835666212E-7    -4896028.477150373+1.900995190736279E7i           2.0529728887058828E7
3.3087224502121107E-24    4.0481067694876277E-7    1.622613169736564E-7     -5369368.009588103+2.0559069609589353E7i          2.178135901933883E7
0                         5.122042016630905E-7     2.1271907331504992E-7    -2751932.774691081+1.2835338761506807E7i          1.4630184324122626E7
0                         4.786782271399676E-7     3.345049319927811E-7     -2285305.662362177+8609545.875381473i             1.5020131373695545E7
6.6174449004242214E-24    9.170441589635832E-7     1.3913097951325565E-7    752225.7337062743+4868125.831610249i              5426961.537665662
1.6543612251060553E-23    8.840109665589397E-7     1.555873715367559E-7     575889.4358243062+5172668.199933603i              5799664.305564291
0                         7.191376553515902E-7     1.6671927879709242E-7    -635062.0985659757+7908088.439699417i             8701106.942009762
-6.6174449004242214E-24   8.582082660181202E-7     2.0329463399612063E-7    300318.61000523355+4959245.711508083i             6066029.600764867
1.9852334701272664E-23    9.168045775200016E-7     1.838839511341664E-7     700203.8872267418+4523955.847069504i              5358118.89035098
-1.3234889800848443E-23   8.947124546920311E-7     2.1609288361610416E-7    571012.525030201+4111131.576002972i               5613697.285517925
5.293955920339377E-23     1.2144320308462883E-6    1.3163477256883595E-7    2598075.461655264+1971810.1368071535i             3621077.9181645676
0                         1.2144320308462883E-6    4.4572366844655277E-7    181994.26929700517-243223.0757147656i             2925771.7899281294
-6.6174449004242214E-24   1.2047294125653607E-7    -5.4177059992643494E-8   -9056320.084439024+2.2840591495575618E7i          2.4656171029933237E7
0                         2.429292671279745E-7     5.948826477865517E-8     -7463383.811092507+1.9935362592691693E7i          2.156709968417712E7
6.6174449004242214E-24    0                        4.436886207510373E-8     -9608687.504550906+2.3833504443926733E7i          2.5709452948893994E7
6.6174449004242214E-24    5.812045785468935E-8     -2.552427027151395E-9    -9185536.896138426+2.326738406811853E7i           2.503746099218766E7
6.6174449004242214E-24    0                        -4.436886207510373E-8    -9697197.417284532+2.398456454792969E7i           2.588319950015111E7
0                         7.655579962140228E-8     6.542684884060526E-8     -9498328.316567436+2.35294282070951E7i            2.5531074305439036E7
0                         6.866435007000858E-7     -1.0938876761640242E-7   -976950.4753682993+9559470.483577136i             9960399.875239437
0                         4.771927731982387E-7     3.36489827235441E-7      -2307307.0830647596+8624548.370586585i            1.51264609162968E7
3.3087224502121107E-24    4.0481067694876277E-7    4.457236684465527E-7     25265.67684281546-59797.91134025338i              1.923945054972956E7
0                         6.651249287303628E-7     1.6790702109120413E-7    -1118556.8409471344+9151452.636295304i            1.003756772376676E7
4.1359030627651384E-25    4.867723564772883E-7     3.418091714985628E-7     -1653959.3001722568+6911915.251396511i            1.3627462440378416E7
-6.6174449004242214E-24   6.136729525580642E-7     4.457236684465528E-7     78268.74980686822-187973.6624978752i              8611207.773452898
0                         6.881616988740355E-7     3.978295959370143E-7     -77161.83630870393+1472322.0461110177i            7220143.225970193
6.6174449004242214E-24    6.594171668704033E-7     4.457236684465528E-7     6521.583854366453-9807.404372861749i              7435216.738850891
6.6174449004242214E-24    6.400077995513397E-7     4.145395176181685E-7     -182880.26833330747+1356941.8432366094i           8272008.57859123
6.6174449004242214E-24    7.115433440389337E-7     4.457236684465528E-7     -8359.502340492765+16145.727043252595i            6742841.092411848
0                         6.653123572430028E-7     1.7967980069664388E-7    -1109920.9663692587+8877356.861711636i            1.0011189154565394E7
6.6174449004242214E-24    7.079823640439226E-7     3.146782694854729E-7     -349018.6759177934+4326745.000963459i             7153995.877819009
0                         8.518735131742948E-7     4.457236684465527E-7     34672.07989744021-39512.919790658554i             4845678.614198043
0                         7.868661569218205E-7     3.7218715107475933E-7    -145659.44221127423+2337088.701860027i            5973895.475394923
-3.3087224502121107E-24   3.713163589710846E-7     2.28719275193699E-8      -813913.6870674825+3072744.778259717i             3330992.0491082934
0                         3.258812924319995E-7     4.569473248067654E-8     -1134138.579086479+3743309.9837466865i            4138473.602060348
3.3087224502121107E-24    3.341587528859366E-7     2.3248404524220318E-23   -902987.7929541469+2856559.9671315495i            3154051.8589631133
0                         3.67742134455443E-7      -2.622766939059858E-9    -826152.9520921892+3091549.7758592446i            3458839.022102182
-3.3087224502121107E-24   4.0481067694876277E-7    -2.908572125757574E-8    -716309.4205836257+3202277.495070798i             3542494.7746744254
1.6543612251060553E-24    3.349284580711162E-7     -4.838043261769996E-8    -1067227.6425745166+3623647.5545826824i           4077714.2890808745
8.271806125530277E-25     3.251713317899763E-7     -4.5402139950156244E-8   -1031761.8130059117+3318622.1341594225i           3843924.4365387075
0                         3.2584904163317056E-7    5.4761703028297576E-8    -1063848.144442127+3790295.3360404293i            4365869.898650952
0                         3.24970696555981E-7      5.0869258428683064E-8    -1054362.9943267237+3683499.3590457384i           4261903.433681576
0                         3.221038368927431E-7     5.584714369209338E-8     -954533.1507377381+3589783.417417457i             4105568.2047036127
0                         3.905486564586962E-7     1.5070927513429238E-7    -1339967.126176205+4545440.988570351i             6580406.984561953
-1.6543612251060553E-24   3.695278543888481E-7     1.425007216743512E-7     -1610043.5704290904+5279523.530981384i            7333302.394053724
-3.3087224502121107E-24   2.951442792554136E-7     1.024258598957873E-7     -1886501.3671101977+6609448.588582677i            7586236.735631333
0                         4.0481067694876277E-7    5.720766611629198E-8     -784843.3984165486+3437302.345817952i             3840704.5399213885
-8.271806125530277E-25    3.3156828818064024E-7    5.3161048325825355E-8    -1177917.2031820957+3986859.9199700356i           4559647.218362798
-3.3087224502121107E-24   3.538787295229262E-7     -1.2398315886083805E-7   -1616262.685924584+5472087.115492577i             6785116.237065856
0                         4.0481067694876277E-7    -1.2247503680099905E-7   -995898.2390248254+3855774.409039551i             5062870.841034482
8.271806125530277E-25     3.3638825816599775E-7    -6.395905135374167E-8    -1148180.9530227967+3992623.994928071i            4568792.838648761
0                         3.182396563385692E-7     -6.343381124083152E-8    -1300536.4763445596+4517294.4287010105i           5069149.914811853
3.3087224502121107E-24    2.873933361043472E-7     -1.114077343861201E-7    -2227456.1787470896+7395372.252647191i            8449413.990658259
-3.3087224502121107E-24   3.015852552501473E-7     -1.6685527697298306E-7   -3186062.543848709+8959949.954185732i             1.0459954949295986E7
0                         3.232695709983424E-7     -5.53045889386516E-8     -1127254.3037807948+3798519.99944442i             4273942.806150039
-3.3087224502121107E-24   2.623301555560212E-7     -1.838422404158222E-7    -4654766.664324507+1.2241933360803077E7i          1.3965207983659592E7
0                         2.1845653395423077E-7    -1.6518554386307116E-7   -5572152.521787564+1.473763194786338E7i           1.6459021312101096E7
3.3087224502121107E-24    2.4663417250518805E-7    -1.4426116112124456E-7   -3913947.098838264+1.1262142825479887E7i          1.2656579028318377E7
-3.3087224502121107E-24   3.0650930569558767E-7    -2.1794848318051102E-7   -3734431.224180162+9842745.757924136i             1.1801308500404814E7
3.3087224502121107E-24    2.470772530883222E-7     -2.3543370847644549E-7   -5809305.841255386+1.3879711637941182E7i          1.564339003944883E7
0                         2.2069103669620642E-7    -2.2885546097923546E-7   -6435359.676947275+1.533495432357746E7i           1.7053839587804884E7
8.271806125530277E-25     1.9445774481720757E-7    -2.8327782105937676E-7   -6630642.1808798965+1.4755018852768803E7i         1.69317646891359E7
0                         1.183621861921214E-7     -2.078816710009919E-7    -1.0193589041661788E7+2.3140241313543733E7i       2.5556852347084507E7
-1.0339757656912846E-25   1.1513907745767914E-7    -2.0461885748524736E-7   -1.0340953344504103E7+2.348544549872885E7i        2.599924582345725E7
0                         3.0257191062034473E-7    1.576897610256885E-7     -2779957.4949139715+8233313.773220936i            9673176.51666351
0                         2.1731686092286983E-7    1.7520511471491508E-7    -5867661.515530336+1.5052609169461971E7i          1.6777383017742522E7
-3.3087224502121107E-24   3.111376090332974E-7     2.2109966464668137E-7    -3752993.285887902+9816858.434586922i             1.2130295545481382E7
0                         2.1590675670731769E-7    1.6443578411235084E-7    -5448706.202346841+1.4345477647515524E7i          1.591211393334882E7
-1.6543612251060553E-24   3.7398138207890795E-7    1.7497596113962513E-7    -1764252.3707229819+5482693.812948904i            8005773.633314606
8.271806125530277E-25     2.0848700466590606E-7    1.7050596155886884E-7    -6124632.337414037+1.5712679576021098E7i          1.7570804192842748E7
0                         1.610450647624651E-7     -3.1113300659520074E-7   -6901096.638183114+1.4836339987504747E7i          1.7432159640534043E7
0                         1.1244237034527167E-7    -2.0569679271964817E-7   -1.0629680760103457E7+2.393254612748994E7i        2.6410111131578248E7
0                         1.5542147801101528E-7    -3.257577205699684E-7    -6784803.424094896+1.4366935920867724E7i          1.7076519696346432E7
0                         1.1210284432675364E-7    -2.0657976494489885E-7   -1.0926075225949753E7+2.4352569039755758E7i       2.6876602628637254E7
0                         0                        -3.3208373856121613E-7   -8235699.315329452+1.6860261535523117E7i          1.876787128273934E7
-1.0587911840678754E-22   0                        -2.184438086758795E-7    -1.2716100840500638E7+2.734659945757045E7i        3.0158643993317366E7
0                         1.114934002831982E-7     -2.0583860403134034E-7   -1.1191379509046204E7+2.4814874535177767E7i       2.7350947213816103E7
-8.271806125530277E-25    2.043848287327706E-7     3.01824057255159E-7      -6218536.275339613+1.3606483200939732E7i          1.6668417409958877E7
0                         9.901265081548767E-8     2.086243933096728E-7     -1.1141692393257072E7+2.47593264615346E7i         2.7379914449854862E7
8.271806125530277E-25     2.040893509695161E-7     1.7271580831706605E-7    -6553083.98180652+1.6597957975513823E7i           1.849201934267414E7
8.271806125530277E-25     2.0806462318456905E-7    1.7420550492035314E-7    -6327131.196069529+1.6016629461578337E7i          1.7907856717545588E7
-8.271806125530277E-25    2.0890160161240936E-7    3.0351667623886993E-7    -6192338.179893387+1.3632487949056841E7i          1.6578566916243697E7
-8.271806125530277E-25    2.0375301438726548E-7    3.067090812444527E-7     -6269378.626015821+1.3701892147971079E7i          1.6699983402969562E7
-1.0339757656912846E-25   9.89591295183069E-8      2.0903820604204621E-7    -1.1126186054145593E7+2.4654648165806618E7i       2.7232832297077946E7
-1.0339757656912846E-25   9.844532377288113E-8     2.0870917300429743E-7    -1.1422874317612635E7+2.5186674004660297E7i       2.7820975763016883E7
-1.0587911840678754E-22   0                        2.1844380867587958E-7    -1.2502255933147924E7+2.6995864048348248E7i       2.975189857531239E7
0                         9.688521219864761E-8     3.184452727390873E-7     -8047784.005236651+1.6777989019064665E7i          1.8875399087412775E7
0                         9.940305354074083E-8     3.2005765833954787E-7    -8076155.888925418+1.6812126072524346E7i          1.89575487715427E7
1.6543612251060553E-24    2.975031488633426E-7     -2.9339614738355517E-7   -3640863.9461717037+8796194.608001437i            1.4608085719384592E7
6.6174449004242214E-24    2.917936601563077E-7     -3.1736775741026994E-7   -3630983.261022448+8526905.064604655i             1.5268884864154043E7
0                         3.1858335174886756E-7    -3.122210637167122E-7    -2903987.479479584+7074790.092522703i             1.4800979323556721E7
3.3087224502121107E-24    3.005644256617372E-7     -3.2556268764508506E-7   -3240906.6131044454+7639474.674092716i            1.5514118874362597E7
4.963083675318166E-24     2.889914814077966E-7     -3.3208997454653474E-7   -3370127.812587141+7843907.452854171i             1.548838713261978E7
1.6543612251060553E-24    3.005211138875588E-7     -4.339063223617766E-7    -427198.0870634819+959946.5393758338i             1.6905243405071158E7
1.6543612251060553E-24    3.040417081880036E-7     -4.457236684465528E-7    5366.127620238524-9476.544535102537i              1.6867799307865515E7
3.3087224502121107E-24    3.1575663290721403E-7    -4.457236684465528E-7    23618.01498375386-46528.7118798905i               1.743409775926589E7
1.6543612251060553E-24    3.1493360207967284E-7    -4.239959674058959E-7    -533934.3643804847+1292621.6262708246i            1.7182732753217958E7
1.6543612251060553E-24    3.555500665578169E-7     -4.4572366844655277E-7   -1628.1220385228498+256.25160086049556i           1.824067938676956E7
0                         2.1400389587682244E-7    -4.457236684465527E-7    -17772.10211160079+22090.80685352723i             1.2175076175785944E7
0                         2.1611376013759174E-7    -4.1265784208138033E-7   -1103657.9141336745+2551721.168483403i            1.2252377863451857E7
3.3087224502121107E-24    4.0481067694876277E-7    -7.106334885445178E-8    -837676.6704771693+3532815.356006804i             4063872.773983282
0                         4.0481067694876277E-7    2.3721473678056144E-8    -741760.3608766875+3358747.2034195834i            3670591.6768222726
6.6174449004242214E-24    3.8331229340881396E-7    -3.394459883762836E-7    -1103434.1485953329+3031882.8701279634i           1.638706877660415E7
-1.6543612251060553E-24   4.0481067694876277E-7    -3.9919901680121826E-7   -278738.7477066307+885468.923723488i              1.8403438929488096E7
-3.3087224502121107E-24   4.048106769487627E-7     -3.4115748411427057E-7   -606813.0392428092+1967622.1179230693i            1.670222660114E7
-3.3087224502121107E-24   4.0481067694876277E-7    -3.1657404149144293E-7   -740922.0777160063+2410650.903103711i             1.535158812828221E7
0                         3.624841859934109E-7     -2.1742384376173693E-7   -2272658.71814133+6406502.506243142i              1.0761731542864913E7
0                         4.0481067694876277E-7    -2.491234228295679E-7    -962619.3332405029+3319394.6284318604i            1.1352720384271473E7
-3.3087224502121107E-24   4.0481067694876277E-7    -2.218305523870462E-7    -977282.3659671044+3487659.3202459645i            9413875.789753348
0                         4.0481067694876277E-7    -1.847936517365227E-7    -1074164.262990212+3766819.165608009i             7720723.123753828
3.3087224502121107E-24    4.0481067694876277E-7    -4.457236684465527E-7    19457.65127070787-55199.798656468716i             1.9335982805193733E7
0                         4.0481067694876277E-7    1.360940974810027E-7     -1095119.428874577+3945400.2756835376i            5630889.360906881
0                         2.2749097318003724E-7    -2.457370449823213E-7    -6416128.281476327+1.5018385812117957E7i          1.678588508315758E7
-3.3087224502121107E-24   2.3413233341041154E-7    -2.543701145832266E-7    -6190688.439881979+1.4405461926466983E7i          1.6762979285107747E7
-8.271806125530277E-25    2.3440395028456402E-7    -3.2236736814764417E-7   -4900345.137943354+1.088497028023598E7i           1.583042836097669E7
0                         1.5993522287077374E-7    -3.380866968469554E-7    -6184190.6751795905+1.3038057829158565E7i         1.6367307148121938E7
0                         1.6759313036861802E-7    -3.2612549477155674E-7   -6346321.868543238+1.3561181891037306E7i          1.6399871921245553E7
0                         1.8911699668253973E-7    -4.419077192662658E-7    -217336.95683252037+500286.17097872356i           1.1199436533825267E7
0                         1.8667391565649347E-7    -4.457236684465527E-7    -33976.96364202282+101977.03792007708i            1.1175746760728499E7
0                         1.913342646905239E-7     -4.457236684465527E-7    -12497.785945482285+26595.529609982572i           1.120732817579187E7
-1.6543612251060553E-24   1.396310857758312E-7     -3.5782484311461526E-7   -5077855.422729576+1.0714497112549398E7i          1.4007189156551057E7
-3.3087224502121107E-24   7.611575413599851E-8     -4.457236684465527E-7    969.8545285012005-8187.414764781541i              4353660.8578087855
8.271806125530277E-25     1.7748454918846015E-7    -4.457236684465527E-7    -4235.276059912564+16887.23528648393i             1.0747583011835173E7
0                         0                        -4.4572366844655277E-7   -3340.8119033336716+2900.4019347770954i           4795.331433271909
3.3087224502121107E-24    3.2009757832018636E-7    3.2677928377364126E-7    -2661329.3066200363+6466488.864930568i            1.5297307291871138E7
-3.3087224502121107E-24   3.0619600246222623E-7    3.3486896995387694E-7    -2900436.543509824+6870297.939521051i             1.577111043928176E7
-4.963083675318166E-24    3.0383053908689365E-7    3.1660022825710494E-7    -3234000.13407992+7782445.270828401i              1.5293882365678161E7
-8.271806125530277E-25    2.192539704550321E-7     2.947657511655832E-7     -6019423.58747795+1.348954324328456E7i            1.631665704483111E7
0                         2.3837125222619716E-7    3.146040095279286E-7     -5077452.304529666+1.1311648130790275E7i          1.6076853477986632E7
-3.3087224502121107E-24   2.987758188315725E-7     3.49862275930646E-7      -2693303.491773786+6315708.072968912i             1.5877467676825672E7
3.3087224502121107E-24    4.0481067694876277E-7    1.622613169736564E-7     -903497.367584701+3521329.2950594337i             6132821.603334521
6.6174449004242214E-24    3.7922861640659704E-7    2.5872567663945717E-7    -1720252.7037519366+4882172.355257346i            1.243235313753137E7
0                         4.0481067694876277E-7    2.5753493727551003E-7    -872013.2566754292+2997647.2456261762i            1.1693627765819918E7
0                         4.0481067694876277E-7    2.0714308067700738E-7    -834409.8536901356+3109933.9803880695i            8643654.078224098
0                         4.048106769487628E-7     2.79063042588469E-7      -849423.1057351292+2876758.162444495i             1.3114648613269685E7
3.3087224502121107E-24    4.0481067694876277E-7    3.379968755225224E-7     -604850.5359635304+2016223.9572855558i            1.6341009263005203E7
-3.3087224502121107E-24   3.784650435248287E-7     3.533711258179332E-7     -1052363.8392661363+2851016.2264452884i           1.6688359416878816E7
-3.3087224502121107E-24   4.0481067694876277E-7    3.6038578813905066E-7    -550001.9975115767+1775158.2323835848i            1.7302121929980714E7
8.271806125530277E-25     2.1870583030792516E-7    4.1491011538750973E-7    -1059824.277195834+2466215.1776922643i            1.234129643701742E7
3.3087224502121107E-24    3.3029999519553334E-7    4.308186424710969E-7     -203670.97706912624+568216.1963117864i            1.713436237547495E7
0                         3.157566329072141E-7     4.4572366844655277E-7    -66652.169675564+159629.9424597401i               1.7342156431136146E7
0                         3.555500665578171E-7     4.457236684465527E-7     -7891.7868140374485+13346.567775948764i           1.7991243777930807E7
0                         2.140038958768217E-7     4.4572366844655277E-7    4116.905781617602+2372.2076808724682i             1.2002818828432484E7
-1.6543612251060553E-24   3.040417081880036E-7     4.4572366844655277E-7    -11930.942182108602+38991.44738227977i            1.7235707014119796E7
-6.6174449004242214E-24   3.1346570626984056E-7    4.252272709540098E-7     -617368.2222841524+1493586.8710428867i            1.718627863269978E7
0                         4.0481067694876277E-7    4.099925578214459E-7     -290962.6514509937+898990.4782342585i             1.869085340002718E7
-8.271806125530277E-25    2.0391193386512348E-7    3.133088118671505E-7     -5987203.43360553+1.3116355618949488E7i           1.6668081022245364E7
0                         1.866739156564935E-7     4.4572366844655277E-7    -10768.270092649527+12276.448124012792i           1.1082743299654815E7
0                         9.946902311506326E-8     3.227972936925604E-7     -7904947.864665183+1.6417853905333567E7i          1.86789381543036E7
1.0587911840678754E-22    0                        3.320837385612162E-7     -8053077.87522481+1.6530278318858666E7i           1.8387847177903786E7
0                         9.754913313934993E-8     3.27493234507198E-7      -7579617.989519944+1.5739077097879374E7i          1.806792177134026E7
3.3087224502121107E-24    7.611575413599854E-8     4.457236684465528E-7     52442.48864020747-109973.20798430871i             4453167.745819092
0                         1.7748454918846047E-7    4.4572366844655277E-7    4235.276059909968-16887.235286479845i             1.0386140724132158E7
0                         0                        4.4572366844655277E-7    3340.811903333668-2900.4019347771064i             4795.331433271904
-8.271806125530277E-25    2.101473059029679E-7     3.08022941317334E-7      -6013280.2501543565+1.3204718980944768E7i         1.6525850186576148E7
0                         1.9134251536632702E-7    4.4176598740277313E-7    -254186.73781556738+588271.0808582406i            1.1156086163286993E7
3.3087224502121107E-24    4.0481067694876277E-7    4.457236684465527E-7     -19457.651270716957+55199.79865648856i            1.9239444081527483E7
0                         1.913342646905238E-7     4.4572366844655277E-7    12497.78594548257-26595.529609983176i             1.0858705739351932E7
0                         9.688521219864761E-8     3.206212832158238E-7     -8134003.28918149+1.6899879548776392E7i           1.9036845542826153E7
