% Model:              omc_unitcell_iso.mph
% Version:            COMSOL 6.2.0.658
% Date:               Jul 1 2026, 11:45
% Dimension:          3
% Nodes:              305
% Expressions:        2
% Description:        Electric field, y-component, Electric field norm
% Length unit:        m
% X                       Y                        Z                        ewfd.Ey (V/m) @ lambda=3E-12                      ewfd.normE (V/m) @ lambda=3E-12
-3.3087224502121107E-24   3.11640147700064E-7      -1.1976618988071797E-8   205098.75357329473+6642529.386339406i             3.2142565269345507E7
8.271806125530277E-25     3.251713317899763E-7     -4.5402139950156244E-8   1.025299106035914E7+4791072.379285383i            2.6116244683457922E7
3.3087224502121107E-24    3.341587528859366E-7     2.3248404524220318E-23   -2565600.005949103+2615443.187145448i             2.2013921128598794E7
3.3087224502121107E-24    2.1377803373446657E-7    -8.98969548131277E-8     -2935466.9869793644-2015709.0249506067i           3.042309929692579E7
3.3087224502121107E-24    2.873933361043472E-7     -1.114077343861201E-7    -1877247.05727418-3432231.057414487i              2.0323892987036176E7
0                         3.182396563385692E-7     -6.343381124083152E-8    4639754.450115244-3731608.893591217i              2.5356710528538857E7
-1.6543612251060553E-24   1.99411942363288E-7      -1.1418858509067949E-7   4883516.639694349-9267208.327753909i              4.003796721611627E7
0                         2.1845653395423077E-7    -1.6518554386307116E-7   -2157719.289869532-1.107220606384103E7i           2.422083722667469E7
3.3087224502121107E-24    2.4663417250518805E-7    -1.4426116112124456E-7   -9288686.997531686-1.119300370015873E7i           2.271091737102948E7
-1.0339757656912846E-25   1.1513907745767914E-7    -2.0461885748524736E-7   1633305.4612465184+2991706.263067066i             2.9127180757958543E7
4.1359030627651384E-25    2.5720174943636357E-7    5.1192065844283316E-8    1.2873861815436019E7-94660.20666845329i           3.939035879469828E7
0                         2.538559103127853E-7     5.584570174921412E-8     1.2307660871679038E7+1.412694472304307E7i         4.6201942784728944E7
0                         3.24970696555981E-7      5.0869258428683064E-8    -1.4807351612409934E7-2376529.693106314i          3.558529312704435E7
0                         3.258812924319995E-7     4.569473248067654E-8     -1.3881536356060207E7+1314863.4730801664i         3.25266011451318E7
-3.3087224502121107E-24   2.951442792554136E-7     1.024258598957873E-7     -2.1670955919892974E7+6304458.506511845i          4.7317944917655334E7
0                         3.221038368927431E-7     5.584714369209338E-8     -1.6175621596755179E7-114611.56028688196i         3.3131649826479066E7
0                         2.5315329523993733E-7    6.001853845885086E-8     1.7785331623388987E7+2194112.177458339i           3.8430654425008E7
0                         2.5085145295922413E-7    5.462592438847495E-8     1.6540394825647116E7+6595053.431720654i           4.1699620111012615E7
-1.6543612251060553E-24   1.8936295177487544E-7    -5.345153217925148E-8    4883527.825455536-2755349.160999853i              4.155662228870447E7
0                         3.0382501758412077E-7    -4.485991782714857E-8    4288684.063894497+1067902.7135360339i             2.803169834457179E7
0                         3.232695709983424E-7     -5.53045889386516E-8     1.0836391604379732E7+3309621.8967801677i          3.316039410974152E7
3.3087224502121107E-24    2.3887937212247125E-7    -7.0981566033776E-9      -9919548.701164668-2725585.7353539662i            3.57951931748533E7
0                         2.1590675670731769E-7    1.6443578411235084E-7    5922757.518703781+455343.19154070626i             4.032031100380588E7
8.271806125530277E-25     2.0626333866638028E-7    1.6851892779815737E-7    8744110.218604628-6943319.566221295i              3.781665054842575E7
8.271806125530277E-25     2.478102917674804E-7     5.7999085052770066E-8    1.0539505684180932E7-2677022.225871559i           3.526205109092114E7
8.271806125530277E-25     2.0848700466590606E-7    1.7050596155886884E-7    2.1199813755008146E7-1.2390048238395788E7i        4.850356008020006E7
3.3087224502121107E-24    1.8845011221180134E-7    -7.933319908910908E-8    8000927.047166452-1.7465149118575457E7i           4.466351701957451E7
-1.0587911840678754E-22   0                        -2.184438086758795E-7    -8753153.74917398+6967838.207886849i              1.7810438185486834E7
6.6174449004242214E-24    7.412316040165247E-8     -9.059081845819273E-8    -5226977.10350195+7953942.554730671i              4.0618045758121334E7
0                         1.1222187758084808E-7    -2.0359382100811807E-7   -1484290.0379848399-1060911.9044415243i           2.5822030113290623E7
-1.6543612251060553E-24   1.6148098076991665E-7    -8.194116355486126E-8    7814133.728231426-3262569.1156616504i             5.399431478913512E7
0                         1.1244237034527167E-7    -2.0569679271964817E-7   -4462220.15696236+846887.7018796799i              1.7328406941541076E7
0                         1.114934002831982E-7     -2.0583860403134034E-7   -4855077.669793262-7372983.624029861i             2.539070332418607E7
0                         2.0046547469079038E-7    1.684949217441033E-7     -2819370.0159392613+1849605.0563529513i           3.486423464177827E7
-3.3087224502121107E-24   1.1811756029585402E-7    1.0937180041687409E-7    -3821233.7429736485-1.04693606810423E7i           4.053457737427747E7
0                         9.892122696120922E-8     2.0811770775040243E-7    -7120132.263736886+7036270.165816379i             2.153159278980577E7
-1.0587911840678754E-22   0                        2.1844380867587958E-7    5926976.143956073+1.2486432435121536E7i           3.3306827647715956E7
8.271806125530277E-25     2.040893509695161E-7     1.7271580831706605E-7    1.1215122127584776E7-7918068.238353345i           3.0453028823705688E7
0                         9.901265081548767E-8     2.086243933096728E-7     -3822536.520634995+8331446.037349118i             1.5847374599120433E7
-1.0339757656912846E-25   9.844532377288113E-8     2.0870917300429743E-7    -8173590.446845426+5700202.575946743i             1.5085520897425614E7
0                         4.3156852068532967E-7    -9.441573109727262E-8    3534786.8402099274-9991672.779496396i             3.912854022006067E7
3.3087224502121107E-24    4.0481067694876277E-7    -7.106334885445178E-8    1578133.0429179666-1.2095700043197319E7i          3.510851158937914E7
0                         4.0481067694876277E-7    -1.2247503680099905E-7   1847049.8640671435+3282992.5143245845i            3.706073668572371E7
3.3087224502121107E-24    4.2236659387354457E-7    -3.3156600261566373E-7   -7968567.873612676+1.2987072195879329E7i          3.979919529703313E7
-3.3087224502121107E-24   4.0481067694876277E-7    -3.1657404149144293E-7   -1.0717134532111397E7+1.2336421970756724E7i       3.058704956317043E7
-3.3087224502121107E-24   4.048106769487627E-7     -3.4115748411427057E-7   -1.1448995081163108E7+2.1813611182792224E7i       3.827787254110655E7
0                         4.502508420350996E-7     -2.9324605695653366E-7   -4742467.030810094-6573036.406200981i             3.761944874569844E7
0                         4.561468564307357E-7     -2.3347254581814542E-7   3435585.306399854-1154201.6341180962i             2.7412830923959542E7
-3.3087224502121107E-24   4.0481067694876277E-7    -2.218305523870462E-7    7961325.7724880045+2224795.2340698373i            2.214851194586298E7
0                         4.0481067694876277E-7    -2.491234228295679E-7    -1520758.283676403+8723211.583973626i             2.153294390820106E7
0                         4.0481067694876277E-7    -1.847936517365227E-7    4739859.445785904+7916570.044907077i              2.2432189301633462E7
0                         4.997136481438985E-7     -5.4578163674120465E-8   -7645580.663962828+3134770.070424626i             3.791452346762492E7
3.3087224502121107E-24    4.489461804632103E-7     -5.6775778379933294E-8   746048.8071352402-433580.71761683235i             5.450016858887682E7
3.3087224502121107E-24    4.4989759452706147E-7    -1.6556817874517087E-8   -4142120.2348938626+1481927.8110662224i           3.1089594719489343E7
3.3087224502121107E-24    5.064721380278715E-7     -9.25383604059818E-8     4603469.873336419+1.258796009257392E7i            3.711681652142915E7
-3.3087224502121107E-24   4.814698782554942E-7     -7.107843754157303E-8    745993.8954970345+1.3439986599553272E7i           4.4932657390890405E7
0                         4.0481067694876277E-7    2.3721473678056144E-8    -5125108.761790509-3954185.3570966218i            2.2258939026316307E7
-3.3087224502121107E-24   4.0481067694876277E-7    -2.908572125757574E-8    1.4738620601558238E7-1.9414617785260774E7i        4.225973468677979E7
0                         4.375981764020514E-7     -1.443441900957181E-7    3410129.2517059473+1.0662392906481657E7i          3.65408673091613E7
-3.3087224502121107E-24   4.993313195216967E-7     -2.159181114847459E-7    3368654.260365572-454642.3576413713i              3.5424163879017875E7
0                         5.165759812286529E-7     -1.5276612097377223E-7   -2206544.41727469+2554919.8444811027i             3.1761648332041472E7
0                         4.777461392223046E-7     -1.1661254719235383E-7   -2138645.7859278116-1965358.502433701i            3.943930752269972E7
1.6543612251060553E-24    6.117018165168023E-7     -2.3743763663215706E-7   -1.0863072793380376E7-1.6068882577544E7i          4.44737370613131E7
-1.6543612251060553E-24   4.569758984411236E-7     -3.472823263841108E-7    -2077669.3455207658-1634071.3455937973i           3.978494425202983E7
-1.6543612251060553E-24   4.0481067694876277E-7    -3.9919901680121826E-7   -4537364.588882859+3249308.679921542i             2.5000588281503305E7
3.3087224502121107E-24    5.081525458428524E-7     -3.9970774983858666E-7   5352091.430107112+4196133.97498528i               3.2365112319351677E7
3.3087224502121107E-24    4.962314594314798E-7     -4.457236684465527E-7    276193.3670931179+1.5664830881284352E7i           4.5997179822988525E7
3.3087224502121107E-24    4.2957613825231527E-7    -4.457236684465527E-7    -5752782.580459278-2510469.344649973i             2.4494533496310916E7
3.3087224502121107E-24    4.0481067694876277E-7    -4.457236684465527E-7    -1.5897516898345947E7-6267420.3720549205i         2.676123951862984E7
3.3087224502121107E-24    7.584990733679616E-7     -3.525345509788203E-7    9923762.59746924-1.0247497295912743E7i            3.0073595333350547E7
1.6543612251060553E-24    6.455923658273635E-7     -2.9779599197226205E-7   143014.4781352498-8108408.019999182i              2.6821629568546508E7
-1.3234889800848443E-23   6.594171668704031E-7     -4.457236684465528E-7    1706021.6278467458-2676966.3739145286i            3.518235131012857E7
0                         7.115433440389336E-7     -4.4572366844655277E-7   3174123.586560526-8354707.089921301i              3.514148720428046E7
0                         6.13672952558064E-7      -4.457236684465528E-7    -2186624.154828154-5564185.8528248975i            4.768024463543533E7
0                         5.835703006909465E-7     -3.9683597509188217E-7   -1156652.6767594474+7633048.0702086985i           3.1976910443030845E7
1.6543612251060553E-24    5.073206154392238E-7     1.6639490242751647E-8    100135.01892239638-6098021.937811421i             2.9834094439843763E7
0                         4.872041077290517E-7     5.2308274107395806E-8    1377979.883742096-2998281.410452381i              2.9191846290463924E7
0                         4.0481067694876277E-7    1.360940974810027E-7     -478492.10199232074+2231148.279128493i            2.9015496054745205E7
0                         4.0481067694876277E-7    5.720766611629198E-8     1234952.5496098215+2441469.0939972503i            2.4130134925467864E7
0                         4.862892861970411E-7     7.59710070016916E-8      1859815.146354992-159321.85862586042i             2.8290864700495023E7
6.6174449004242214E-24    1.7939660431371156E-7    5.0528916286388705E-9    6517753.996842869-6544139.987774686i              3.3988862858320676E7
0                         2.459427215263416E-7     5.2736472453813216E-8    8037915.240453039+5944219.205980195i              3.4591023724709995E7
3.3087224502121107E-24    1.5707454531081041E-7    6.25005572267353E-8      -5070361.583515003-1.1906332916639242E7i          2.9971864078689083E7
6.6174449004242214E-24    2.1433983851951722E-7    7.1700210684364934E-9    -4545182.31476713+2062773.5674711973i             4.371520260750857E7
0                         2.49260976348461E-7      5.607337329607634E-8     2.606563858443108E7-5773386.6759043895i           3.4583857318839565E7
-1.3234889800848443E-23   6.246188711819906E-7     3.9309164022119866E-8    4823624.772276777-7465357.153196591i              4.108833046718906E7
0                         5.960440285226311E-7     2.988217108289382E-8     9491264.764412662+9646500.379324276i              4.701718332664349E7
-1.6543612251060553E-24   5.631430720862984E-7     6.27649824210615E-8      -1770045.2288080964+5892648.335597985i            3.7010227058573835E7
-1.6543612251060553E-24   6.691471139469493E-7     -6.92448852235418E-8     2467130.329637454+8495006.611646425i              2.8568304036470365E7
-1.6543612251060553E-24   4.4978337932055604E-7    1.5899387636454964E-7    -2441009.2663014997+3790496.397134876i            3.1102725618126873E7
0                         5.281021162220563E-7     1.0122790767266414E-7    -1184740.1892276725-7174768.072871186i            2.5693952275728505E7
0                         5.408635932871615E-7     1.6874223547965604E-7    8193387.416684988-7067832.312896708i              3.66056854513922E7
0                         5.191967007498003E-7     7.363267056516884E-8     -7498378.699805686-9127012.420352638i             2.1887856054676488E7
0                         1.2144320308462883E-6    -4.4572366844655277E-7   -913546.3777342755+285529.5301796811i             3.932783471226003E7
0                         9.711902279227485E-7     -1.706099099539873E-7    1.3532690211194014E7+2956019.761444831i           3.621992891127391E7
5.790264287871194E-24     9.829586933867662E-7     -1.6127963750351202E-7   1.8116674178356383E7+5758697.2388407225i          4.5011120665160775E7
1.3234889800848443E-23    1.214432030846288E-6     -1.0860767275448962E-7   -1.0721070168404594E7+2470154.6917950176i         1.787925230730556E7
1.3234889800848443E-23    9.682376450528536E-7     -1.6514818570509336E-7   3322094.202425073-4857234.44119484i               3.658210915219572E7
1.406207041340147E-23     9.726521862409165E-7     -1.6285283285125584E-7   7363121.7248586835-45381.70791975521i             4.377393794113729E7
1.6543612251060553E-24    9.626704923717386E-7     -1.6119038765285642E-7   -1.340631183061861E7-4698281.390998088i           3.5846542800678425E7
1.6543612251060553E-24    9.754909361905512E-7     -1.5889962744497584E-7   1409625.63086108-1791341.4345394764i              4.2355803595252655E7
8.271806125530277E-25     9.387796828040267E-7     -1.92233150566557E-7     -1146457.0777072243+2899.0560887920824i           3.5654324635801554E7
6.6174449004242214E-24    8.550869066977325E-7     -3.054656588009247E-8    -1664786.2535912963-3279200.647905729i            3.359200624040583E7
-6.6174449004242214E-24   7.891679577345008E-7     -7.479479087737868E-8    5151259.959451589+73077.89260937134i              2.7246270728266057E7
1.3234889800848443E-23    7.97048117412347E-7      -6.302097202391355E-9    -3704367.1003883397-1224872.68381593i             3.455692508800929E7
6.6174449004242214E-24    7.520580860383995E-7     -1.3288742342409566E-8   -9441276.246884061+1782878.454927234i             3.921034213996513E7
0                         7.054127686436632E-7     -1.0157113773708578E-7   -1234793.9303473309+2643190.4598951703i           2.1222749632600136E7
3.3087224502121107E-24    5.052561387145081E-7     -2.446466948904555E-7    1104230.278625589-5473017.018796537i              4.683797136383183E7
0                         6.247238596707543E-7     -2.5434599037638164E-7   -8067875.782647863-4702580.12552921i              4.4085759366698176E7
0                         5.214366592560964E-7     -3.381466525268136E-7    9016091.304972805+1.1317517474835318E7i           4.5287235161467634E7
-1.6543612251060553E-24   6.30222716919134E-7      -2.3418625134157275E-7   -1.2634303426949132E7-1.0120902945684813E7i       4.049792742627579E7
6.6174449004242214E-24    5.576046715284379E-7     -1.2432629581684775E-7   2111269.096649526+3343394.872315342i              2.791653805613274E7
0                         5.49458049142369E-7      -5.2424835329014184E-8   1.311524116985317E7-825047.3383221244i            3.730402668718785E7
-1.6543612251060553E-24   6.772966468641454E-7     -1.1254496970161925E-7   -1538399.1476989456+1.0830918634544574E7i         2.7199973674215604E7
0                         7.589645985661259E-7     -1.6652353284211032E-7   4302878.082664819+1943359.0610730157i             2.8426808884035133E7
0                         7.894428415806573E-7     -2.946914164752046E-7    -2084753.942477846-4223726.281962678i             3.969216334558989E7
-1.6543612251060553E-24   6.480993456055181E-7     -2.4946320709047333E-7   -402687.70244347304+1.152286978346275E7i          2.831572289780077E7
1.6543612251060553E-24    6.929039943739884E-7     -1.2131650012357304E-7   -459870.18043825607+3294156.1945845536i           2.6146548849734854E7
1.6543612251060553E-24    6.387782450892036E-7     -2.640761444177972E-7    -4573605.774397957-615066.5289219428i             2.8831120030390393E7
0                         7.742683920110035E-7     -3.156157027512449E-7    6001866.183903085-3446430.7428436177i             3.456149078584264E7
-3.3087224502121107E-24   5.495370825295924E-7     -3.5901745045618887E-7   1967247.7193979123+2.232590716899385E7i           4.277480584854542E7
0                         8.518735131742949E-7     -4.457236684465528E-7    -3292615.829273598+7210712.292377822i             2.913692073459824E7
0                         8.064277864561567E-7     -3.349980882823954E-7    4396331.942509674-3879195.7581945322i             3.1202253673580885E7
-3.3087224502121107E-24   4.3658923736319153E-7    2.472402499771893E-7     -4361507.363555415+4781381.89629246i              2.6784912449085504E7
0                         4.0481067694876277E-7    2.5753493727551003E-7    -6567253.042654143+6401790.919924907i             2.48258593535119E7
0                         4.0481067694876277E-7    2.0714308067700738E-7    3359952.637145465+1.113326771052149E7i            2.18687601096079E7
-2.6469779601696886E-23   7.245654816930181E-7     6.376431187878918E-8     -1029432.9244809133-1.9469089557800747E7i         2.631108164744686E7
0                         6.930442476933175E-7     5.100816087261462E-8     -5741685.653392799+2227700.9552328093i            3.0964468417537022E7
1.6543612251060553E-24    6.926043182087825E-7     -8.272410280721334E-8    4035007.344554457+9806128.613418844i              2.410797064348563E7
0                         4.048106769487628E-7     2.79063042588469E-7      -1.7273170011936907E7-394881.2395993137i          2.8573366483693406E7
3.3087224502121107E-24    4.0481067694876277E-7    3.379968755225224E-7     1.0474407893476844E7-1.4483819665896844E7i        2.4286362852238458E7
0                         4.7333691249732846E-7    3.3810438509062026E-7    -1.0361425660569334E7+1.0065117644489186E7i       4.00817209875622E7
0                         4.7278923339143395E-7    3.314883455331893E-7     7050918.0010906905+1.1826185587807877E7i          4.356742240605346E7
-3.3087224502121107E-24   4.0481067694876277E-7    3.6038578813905066E-7    8603070.959358329-6269838.342729801i              2.7318287550805945E7
0                         4.0481067694876277E-7    4.099925578214459E-7     1.0931448637232246E7-7401206.871478311i           3.2873151968366664E7
0                         6.509859582013704E-7     1.3255461462843295E-7    7983886.533150685+1.9811281237475764E7i           4.814132679878682E7
0                         6.705836698145423E-7     1.485399450120071E-7     -4112393.502040652+1.30206359252053E7i            4.151583524562346E7
0                         6.578698432351904E-7     1.5991641382153506E-7    1.000685867223713E7+3.0698054156411655E7i         4.193746801609829E7
0                         6.410384686553871E-7     1.6274714920797545E-7    7417990.9100770205+1.7363589583405208E7i          5.033412832680722E7
0                         4.788499947104467E-7     3.425026801200342E-7     -4818687.76390483+3234232.0069087613i             3.815222779700016E7
1.6543612251060553E-24    4.2957613825231527E-7    4.457236684465527E-7     1.1277750962965146E7-2545388.165047656i           3.1066579661647696E7
0                         4.962314594314798E-7     4.457236684465528E-7     -276193.36709318054-1.5664830881284356E7i         3.786764935367522E7
-6.6174449004242214E-24   5.643604176755028E-7     2.482016625425285E-7     1.1592785098256586E7-5589302.071737055i           3.2325743048768353E7
0                         6.526453161246262E-7     1.8190332702945102E-7    -64757.997690381795+2.3977469027932286E7i         4.3709382630727075E7
6.6174449004242214E-24    6.41117934249498E-7      2.923429392833327E-7     -2227205.7964589735-6280899.978081145i            3.1451337583751094E7
-6.6174449004242214E-24   5.761765813329171E-7     2.9910786931305563E-7    2060509.0072786282-1182755.6586851627i            2.532261019377328E7
0                         4.820829262188099E-7     3.355042066868296E-7     1724453.2117912576+4173183.5447616833i            3.634112276479475E7
0                         4.211107416564642E-7     1.7500732835666212E-7    -4381184.863529718-110274.4098482702i             2.723420671210178E7
3.3087224502121107E-24    4.0481067694876277E-7    1.622613169736564E-7     -5125386.64042063+3425081.1184481727i             2.0997716539692968E7
0                         5.122042016630905E-7     2.1271907331504992E-7    -701302.6255278544-9653348.719519628i             4.790786722104911E7
0                         4.786782271399676E-7     3.345049319927811E-7     1.1412369307301894E7+1.038221737745099E7i         3.221648524722145E7
6.6174449004242214E-24    9.170441589635832E-7     1.3913097951325565E-7    8198123.688587338-3558377.733703782i              4.4551415161595084E7
1.6543612251060553E-23    8.840109665589397E-7     1.555873715367559E-7     3822947.130923486+6401054.650748577i              3.41375555758219E7
0                         7.191376553515902E-7     1.6671927879709242E-7    -6843012.596383865-9858473.74650067i              3.747911384798537E7
-6.6174449004242214E-24   8.582082660181202E-7     2.0329463399612063E-7    4473368.243946806+7319955.986809307i              3.649098912908631E7
1.9852334701272664E-23    9.168045775200016E-7     1.838839511341664E-7     2730774.7753550545-295534.1884882984i             4.599353410582716E7
-1.3234889800848443E-23   8.947124546920311E-7     2.1609288361610416E-7    -1.2469519644830905E7-1.0083691781766899E7i       4.409070658477351E7
5.293955920339377E-23     1.2144320308462883E-6    1.3163477256883595E-7    -1.6166086706234226E7-4284756.925347233i          4.729363402684598E7
0                         1.2144320308462883E-6    4.4572366844655277E-7    6943574.16187033+1.2219568355599836E7i            3.0280957926991392E7
-6.6174449004242214E-24   1.2047294125653607E-7    -5.4177059992643494E-8   -1.4783012394306317E7+9576684.489007585i          3.977901748665979E7
0                         2.429292671279745E-7     5.948826477865517E-8     -1.2407210752725387E7+3369480.4430988603i         3.368705848156716E7
6.6174449004242214E-24    0                        4.436886207510373E-8     8222452.071608593+9913787.892461404i              2.219921646030722E7
6.6174449004242214E-24    5.812045785468935E-8     -2.552427027151395E-9    -685423.5823559599+6222555.908512493i             2.2312184435726453E7
6.6174449004242214E-24    0                        -4.436886207510373E-8    9565481.985141624+2776789.040907419i              1.6219125105846962E7
0                         7.655579962140228E-8     6.542684884060526E-8     -1347816.8763263263+1414630.3134541712i           3.391205466265613E7
0                         6.866435007000858E-7     -1.0938876761640242E-7   -298777.32565144915+9101283.110697147i            2.4509513513564732E7
0                         4.771927731982387E-7     3.36489827235441E-7      -282620.0732083694+1.2492673677518796E7i          3.3639174366222434E7
3.3087224502121107E-24    4.0481067694876277E-7    4.457236684465527E-7     1.5897516898345966E7+6267420.372054878i           2.306117234554394E7
0                         6.651249287303628E-7     1.6790702109120413E-7    -4945292.913809817+1.3608454824084336E7i          3.927183790333239E7
4.1359030627651384E-25    4.867723564772883E-7     3.418091714985628E-7     1.0112736955115499E7-9204318.457978478i           4.018041988488585E7
-6.6174449004242214E-24   6.136729525580642E-7     4.457236684465528E-7     -962594.5307251401+6154420.8026527995i            4.0013379803269014E7
0                         6.881616988740355E-7     3.978295959370143E-7     4982508.101129369+1.1037692155933881E7i           3.9526511822913855E7
6.6174449004242214E-24    6.594171668704033E-7     4.457236684465528E-7     -2930786.001410213+1.2204584260456532E7i          4.514862029811818E7
6.6174449004242214E-24    6.400077995513397E-7     4.145395176181685E-7     -5734342.346577326+1.6533237076526564E7i          4.522603152410229E7
6.6174449004242214E-24    7.115433440389337E-7     4.457236684465528E-7     -3174123.5865605064+8354707.089921303i            3.570339709974901E7
0                         6.653123572430028E-7     1.7967980069664388E-7    -8726746.565187154+7287002.641440928i             4.0125616840239845E7
6.6174449004242214E-24    7.079823640439226E-7     3.146782694854729E-7     -7897604.929866897+442616.0377557563i             3.6076788558267914E7
0                         8.518735131742948E-7     4.457236684465527E-7     6899410.743737064-4257928.971989085i              3.597685891508311E7
0                         7.868661569218205E-7     3.7218715107475933E-7    9500987.23016424-1405671.5135963336i              3.2144322049618296E7
-3.3087224502121107E-24   3.713163589710846E-7     2.28719275193699E-8      -2654802.5598155786+3399390.2404303006i           3.1466399397173762E7
0                         3.258812924319995E-7     4.569473248067654E-8     -1336817.4749345782+2484662.0265546907i           2.5246595036049414E7
3.3087224502121107E-24    3.341587528859366E-7     2.3248404524220318E-23   -6759133.956455694+4866150.19318033i              2.832201700476675E7
0                         3.67742134455443E-7      -2.622766939059858E-9    -1573295.505320325-17070.76360521582i             2.195116689088007E7
-3.3087224502121107E-24   4.0481067694876277E-7    -2.908572125757574E-8    -5928065.925802984+712942.061853094i              2.6834074026973277E7
1.6543612251060553E-24    3.349284580711162E-7     -4.838043261769996E-8    -8102504.989864658+2.0626806211061083E7i          3.851086618930512E7
8.271806125530277E-25     3.251713317899763E-7     -4.5402139950156244E-8   -1.7155576446314313E7+3.505299607839584E7i        4.838338996814051E7
0                         3.2584904163317056E-7    5.4761703028297576E-8    3639277.8698798586-2536594.222557498i             2.5014334332839157E7
0                         3.24970696555981E-7      5.0869258428683064E-8    34939.05653204055-45608.14429765381i              2.873140215840131E7
0                         3.221038368927431E-7     5.584714369209338E-8     8553050.838409184-7017243.401889882i              2.690500781419177E7
0                         3.905486564586962E-7     1.5070927513429238E-7    3531525.814149624+3917644.5588301234i             2.9174989778568525E7
-1.6543612251060553E-24   3.695278543888481E-7     1.425007216743512E-7     1.1317079109666986E7-3379047.7372474708i          3.2499314020260137E7
-3.3087224502121107E-24   2.951442792554136E-7     1.024258598957873E-7     15622.320855365446+553823.3585663303i             3.1702747569447104E7
0                         4.0481067694876277E-7    5.720766611629198E-8     6745376.293935567-2680050.860320303i              2.2931120594404567E7
-8.271806125530277E-25    3.3156828818064024E-7    5.3161048325825355E-8    -1738891.7018290106-227535.34150921382i           2.3649901016614668E7
-3.3087224502121107E-24   3.538787295229262E-7     -1.2398315886083805E-7   311589.3723320883-418300.1308097369i              2.427909044306454E7
0                         4.0481067694876277E-7    -1.2247503680099905E-7   1168627.245475414-7200551.337767358i              1.8879671789689798E7
8.271806125530277E-25     3.3638825816599775E-7    -6.395905135374167E-8    821901.1097024317+1.1434734890307968E7i           2.8506331984647058E7
0                         3.182396563385692E-7     -6.343381124083152E-8    1381605.552930602+1.263654605169478E7i            2.590431907476132E7
3.3087224502121107E-24    2.873933361043472E-7     -1.114077343861201E-7    1703552.4060637194+1.301180401066365E7i           2.737733816843682E7
-3.3087224502121107E-24   3.015852552501473E-7     -1.6685527697298306E-7   -5721596.194860259+2857419.2761939056i            2.511435956343367E7
0                         3.232695709983424E-7     -5.53045889386516E-8     -5644874.120868963+2.723738918416376E7i           4.594702319743359E7
-3.3087224502121107E-24   2.623301555560212E-7     -1.838422404158222E-7    -1602776.6451398632-2152022.450252381i            2.129831454726895E7
0                         2.1845653395423077E-7    -1.6518554386307116E-7   -4084439.7972108885+1839604.3492309467i           2.3042739838402595E7
3.3087224502121107E-24    2.4663417250518805E-7    -1.4426116112124456E-7   -3525553.043799713-6240850.367843894i             1.874245348319261E7
-3.3087224502121107E-24   3.0650930569558767E-7    -2.1794848318051102E-7   1546779.9405637768-6613042.813108983i             3.1011919604215164E7
3.3087224502121107E-24    2.470772530883222E-7     -2.3543370847644549E-7   -7316240.168403751+5072504.669619084i             3.1958493058051556E7
0                         2.2069103669620642E-7    -2.2885546097923546E-7   -9806186.96761803-1876731.3365214285i             2.541628526643587E7
8.271806125530277E-25     1.9445774481720757E-7    -2.8327782105937676E-7   -1069098.5748844477+371797.9143140988i            2.533722627724449E7
0                         1.183621861921214E-7     -2.078816710009919E-7    1594393.26369939+9414749.255242003i               1.920422761596048E7
-1.0339757656912846E-25   1.1513907745767914E-7    -2.0461885748524736E-7   1084959.9489359094+8684628.717217915i             2.0264572531663775E7
0                         3.0257191062034473E-7    1.576897610256885E-7     4904284.285361464-1376422.0869741826i             2.6242937151937865E7
0                         2.1731686092286983E-7    1.7520511471491508E-7    -1.2758775849052588E7+306401.32128860895i         2.7592244846724346E7
-3.3087224502121107E-24   3.111376090332974E-7     2.2109966464668137E-7    1338107.9466134259-2101494.7812733287i            2.5945385200152513E7
0                         2.1590675670731769E-7    1.6443578411235084E-7    -1.5722305376093443E7+291069.2595343604i          2.7791753898309916E7
-1.6543612251060553E-24   3.7398138207890795E-7    1.7497596113962513E-7    3831541.1357397684-1084475.3256842745i            2.310286575647876E7
8.271806125530277E-25     2.0848700466590606E-7    1.7050596155886884E-7    -7725635.939800188-4604956.086376763i             2.6649769835921396E7
0                         1.610450647624651E-7     -3.1113300659520074E-7   7095998.796281615+733827.8345362991i              2.3968881559306733E7
0                         1.1244237034527167E-7    -2.0569679271964817E-7   -3527876.182664004+3295452.237341207i             2.047096972732534E7
0                         1.5542147801101528E-7    -3.257577205699684E-7    6537049.962330571-5378520.271281163i              2.5617903900051635E7
0                         1.1210284432675364E-7    -2.0657976494489885E-7   -6153802.168347994-2489347.2748156865i            3.131895889768674E7
0                         0                        -3.3208373856121613E-7   2716306.5405810047+3851938.0086031496i            1.7314973879807115E7
-1.0587911840678754E-22   0                        -2.184438086758795E-7    -3092778.6248119567+6598812.399761815i            1.0006645158585392E7
0                         1.114934002831982E-7     -2.0583860403134034E-7   -7226484.973235019+2703264.3669323856i            3.449128927820867E7
-8.271806125530277E-25    2.043848287327706E-7     3.01824057255159E-7      -7719048.938286925-1.2110659582789533E7i          2.8504485510593846E7
0                         9.901265081548767E-8     2.086243933096728E-7     -3941780.3225721456+6195782.686389492i            1.3640832491135484E7
8.271806125530277E-25     2.040893509695161E-7     1.7271580831706605E-7    5711867.326952954-5451708.853162808i              2.111957294464395E7
8.271806125530277E-25     2.0806462318456905E-7    1.7420550492035314E-7    -5332766.9945084695-4375604.507124104i            2.359540865326515E7
-8.271806125530277E-25    2.0890160161240936E-7    3.0351667623886993E-7    -4777070.522693362-793153.8888531706i             2.9465872139302026E7
-8.271806125530277E-25    2.0375301438726548E-7    3.067090812444527E-7     -7568205.842639249-1.772691367315605E7i           3.175553046147539E7
-1.0339757656912846E-25   9.89591295183069E-8      2.0903820604204621E-7    -5122258.392793799+7711118.316222735i             1.3645057265284905E7
-1.0339757656912846E-25   9.844532377288113E-8     2.0870917300429743E-7    -1.003664955383314E7+6991372.781942788i           1.5400274399257714E7
-1.0587911840678754E-22   0                        2.1844380867587958E-7    9439552.96564275+1.1036366078737933E7i            2.2372662315352205E7
0                         9.688521219864761E-8     3.184452727390873E-7     -5977214.277861521-570751.6056065313i             2.472818341240777E7
0                         9.940305354074083E-8     3.2005765833954787E-7    -1334736.8424429842+1.549419310763891E7i          2.0132604504863825E7
1.6543612251060553E-24    2.975031488633426E-7     -2.9339614738355517E-7   1103820.9014234599-1.4164469757363355E7i          2.9044457894282587E7
6.6174449004242214E-24    2.917936601563077E-7     -3.1736775741026994E-7   -7285221.790459464-5942805.963697136i             2.9785887283488255E7
0                         3.1858335174886756E-7    -3.122210637167122E-7    2471697.8105144845+1812307.8090469986i            2.365861751948098E7
3.3087224502121107E-24    3.005644256617372E-7     -3.2556268764508506E-7   -5600086.166971518-2640244.0971853677i            3.3530784441359162E7
4.963083675318166E-24     2.889914814077966E-7     -3.3208997454653474E-7   -1.59488486121476E7-5182066.343503461i            2.5165126455211718E7
1.6543612251060553E-24    3.005211138875588E-7     -4.339063223617766E-7    4761362.519360751+1088583.9949925076i             3.0702261142920207E7
1.6543612251060553E-24    3.040417081880036E-7     -4.457236684465528E-7    7575159.440884056-476707.2168981428i              3.2962204913882352E7
3.3087224502121107E-24    3.1575663290721403E-7    -4.457236684465528E-7    3286189.871247371+5460884.014128105i              2.2868493707130615E7
1.6543612251060553E-24    3.1493360207967284E-7    -4.239959674058959E-7    6736240.525351388+3730557.6383699165i             2.5642404613099832E7
1.6543612251060553E-24    3.555500665578169E-7     -4.4572366844655277E-7   -1769195.506536686-962134.2649397169i             1.8411159048118908E7
0                         2.1400389587682244E-7    -4.457236684465527E-7    -3599149.7932636803+2886917.731408164i            2.3973553471352395E7
0                         2.1611376013759174E-7    -4.1265784208138033E-7   -1.0504043144550487E7+2576681.5750098703i         1.85782256088213E7
3.3087224502121107E-24    4.0481067694876277E-7    -7.106334885445178E-8    -4365657.504602215-3203021.496801788i             2.1654628623852894E7
0                         4.0481067694876277E-7    2.3721473678056144E-8    4717729.980175811+785458.5130776117i              2.678922187121955E7
6.6174449004242214E-24    3.8331229340881396E-7    -3.394459883762836E-7    -6185901.626596427-1505124.1041955878i            2.4215716053580493E7
-1.6543612251060553E-24   4.0481067694876277E-7    -3.9919901680121826E-7   -1.0493008887154473E7-74561.17490977475i          2.337423758896165E7
-3.3087224502121107E-24   4.048106769487627E-7     -3.4115748411427057E-7   -3501910.4814169095-1312883.6069390047i           2.10907858987926E7
-3.3087224502121107E-24   4.0481067694876277E-7    -3.1657404149144293E-7   -5483541.94920055+2334542.9737662165i             2.3624778137910753E7
0                         3.624841859934109E-7     -2.1742384376173693E-7   5126273.558791569+2487925.260402596i              3.1040746729882006E7
0                         4.0481067694876277E-7    -2.491234228295679E-7    8094589.525289833+1.1669302881107459E7i           2.4037008867743064E7
-3.3087224502121107E-24   4.0481067694876277E-7    -2.218305523870462E-7    1.1336266731309202E7+1.6802827810728915E7i        3.391665687003491E7
0                         4.0481067694876277E-7    -1.847936517365227E-7    1.3657658172325043E7-2838058.69480033i            2.765846853460486E7
3.3087224502121107E-24    4.0481067694876277E-7    -4.457236684465527E-7    -5726607.360707867+4756856.275357069i             2.3015534661444474E7
0                         4.0481067694876277E-7    1.360940974810027E-7     -1.0554978378167618E7+1999855.0841254266i         2.9104083889055908E7
0                         2.2749097318003724E-7    -2.457370449823213E-7    -1.3237084750916747E7-1743114.9863549806i         2.4548063641169544E7
-3.3087224502121107E-24   2.3413233341041154E-7    -2.543701145832266E-7    -8595283.371723954+2260978.7680955464i            3.069348522406993E7
-8.271806125530277E-25    2.3440395028456402E-7    -3.2236736814764417E-7   -3190493.27140298-924438.8621415865i              2.2400329112018194E7
0                         1.5993522287077374E-7    -3.380866968469554E-7    8158274.199170989+551403.1405885024i              3.2548587990026057E7
0                         1.6759313036861802E-7    -3.2612549477155674E-7   1918630.3799481755-6757953.112020022i             2.4632623753067244E7
0                         1.8911699668253973E-7    -4.419077192662658E-7    -1.2892155988125725E7+2087089.617952431i          1.9392385325470798E7
0                         1.8667391565649347E-7    -4.457236684465527E-7    -1.5435517402521713E7+4598058.894890772i          2.438607340016991E7
0                         1.913342646905239E-7     -4.457236684465527E-7    -9460104.544680202+2042185.306126644i             1.6668494771607853E7
-1.6543612251060553E-24   1.396310857758312E-7     -3.5782484311461526E-7   8135418.302793244+2900691.3671366014i             3.1684633394360416E7
-3.3087224502121107E-24   7.611575413599851E-8     -4.457236684465527E-7    1.1680164799079368E7-1.4952328181600979E7i        2.599336854123479E7
8.271806125530277E-25     1.7748454918846015E-7    -4.457236684465527E-7    -4249643.495395152+7396069.546009826i             2.970288541316767E7
0                         0                        -4.4572366844655277E-7   -9165173.643861353+1.397317742181182E7i           2.488212506703727E7
3.3087224502121107E-24    3.2009757832018636E-7    3.2677928377364126E-7    3545882.681182323+1.3377461686342891E7i           2.2915535830874022E7
-3.3087224502121107E-24   3.0619600246222623E-7    3.3486896995387694E-7    -749160.6171507287+4152628.0780522972i            1.8699848875016097E7
-4.963083675318166E-24    3.0383053908689365E-7    3.1660022825710494E-7    -2707953.604812677+5692276.414887773i             2.205489835462662E7
-8.271806125530277E-25    2.192539704550321E-7     2.947657511655832E-7     7026099.474867431+5746978.521210263i              2.6181488577293754E7
0                         2.3837125222619716E-7    3.146040095279286E-7     -645278.0550932352+2360464.37611949i              2.3386087145541403E7
-3.3087224502121107E-24   2.987758188315725E-7     3.49862275930646E-7      -5381395.068615268-2687794.639739823i             1.4422412062743926E7
3.3087224502121107E-24    4.0481067694876277E-7    1.622613169736564E-7     -4736321.358834942+4164446.9398727226i            1.8986281532673072E7
6.6174449004242214E-24    3.7922861640659704E-7    2.5872567663945717E-7    1046238.3926545106+3739766.2549178274i            2.0568588383010406E7
0                         4.0481067694876277E-7    2.5753493727551003E-7    -4377550.199692673+2206636.6693876917i            1.5635254029598732E7
0                         4.0481067694876277E-7    2.0714308067700738E-7    -1709114.5589499928+1.001268498305884E7i          2.050939430280762E7
0                         4.048106769487628E-7     2.79063042588469E-7      3520418.117791629-3353547.4488709993i             1.9553491402742643E7
3.3087224502121107E-24    4.0481067694876277E-7    3.379968755225224E-7     1.3045875482337125E7-1603781.1026245824i          3.0309033092572954E7
-3.3087224502121107E-24   3.784650435248287E-7     3.533711258179332E-7     9310871.21718699+1213971.7721079811i              3.288720900660665E7
-3.3087224502121107E-24   4.0481067694876277E-7    3.6038578813905066E-7    9599583.10007975+1.3135464957539847E7i            3.062411642838004E7
8.271806125530277E-25     2.1870583030792516E-7    4.1491011538750973E-7    3966901.131197638-3775049.835917945i              1.759222666709029E7
3.3087224502121107E-24    3.3029999519553334E-7    4.308186424710969E-7     4663541.793374484+1378395.567357515i              2.1987596993334632E7
0                         3.157566329072141E-7     4.4572366844655277E-7    -1260621.7557014383-3980391.2703473377i           2.1716379073227514E7
0                         3.555500665578171E-7     4.457236684465527E-7     615231.5887769653+2093672.2374566824i             2.1599126267915092E7
0                         2.140038958768217E-7     4.4572366844655277E-7    3810364.938897002-3612253.9511840288i             2.0070848518079866E7
-1.6543612251060553E-24   3.040417081880036E-7     4.4572366844655277E-7    -1.1711082722512685E7+1356656.4812257234i         2.638695873462381E7
-6.6174449004242214E-24   3.1346570626984056E-7    4.252272709540098E-7     -880542.291344858-3928580.4007123373i             2.3967605325532597E7
0                         4.0481067694876277E-7    4.099925578214459E-7     -694908.1096160838+1958945.0458761193i            2.2109691212949015E7
-8.271806125530277E-25    2.0391193386512348E-7    3.133088118671505E-7     -6478217.714901354-1.4312847885964824E7i          3.071581309094003E7
0                         1.866739156564935E-7     4.4572366844655277E-7    4370340.9975157995+2954956.7668015566i            3.332838665083409E7
0                         9.946902311506326E-8     3.227972936925604E-7     -3204136.2906721756+1.0325160755067624E7i         2.958790226827243E7
1.0587911840678754E-22    0                        3.320837385612162E-7     1.0908071649323747E7+1.1462171737621004E7i        1.838569468716505E7
0                         9.754913313934993E-8     3.27493234507198E-7      -1.1951021491520194E7-3709655.8324150294i         3.0208854882557858E7
3.3087224502121107E-24    7.611575413599854E-8     4.457236684465528E-7     -7831911.422748372+8175795.802347488i             1.8188797128348526E7
0                         1.7748454918846047E-7    4.4572366844655277E-7    4249643.495395206-7396069.5460099i                3.7055891220516115E7
0                         0                        4.4572366844655277E-7    9165173.64386134-1.397317742181183E7i             2.4882125067037277E7
-8.271806125530277E-25    2.101473059029679E-7     3.08022941317334E-7      -2849165.778283667-2056039.2715322278i            2.375146474222797E7
0                         1.9134251536632702E-7    4.4176598740277313E-7    1.0974853998927508E7+1449723.7929550349i          2.549267017322134E7
3.3087224502121107E-24    4.0481067694876277E-7    4.457236684465527E-7     5726607.360707854-4756856.275357092i              1.8177423760294843E7
0                         1.913342646905238E-7     4.4572366844655277E-7    9460104.54468019-2042185.3061266595i              2.3660629363932684E7
0                         9.688521219864761E-8     3.206212832158238E-7     -1.2788050663683956E7+2199037.4558966435i         2.8674513571451217E7
