% Model:              omc_unitcell_iso.mph
% Version:            COMSOL 6.2.0.658
% Date:               Jul 1 2026, 12:03
% Dimension:          3
% Nodes:              357
% Expressions:        1
% Description:        Electric field, y-component
% Length unit:        m
% X                       Y                        Z                        ewfd.Ey (V/m) @ lambda=2E-12
3.3087224502121107E-24    2.909408219456692E-7     -9.116802241037532E-9    -1.7477082146615524E7+9791079.054699209i
0                         3.2456485463078355E-7    -4.6565295574875403E-8   -1.5829517518694768E7+9068823.88246356i
-3.3087224502121107E-24   3.3399999999999995E-7    2.3237673013821025E-23   -1.5259263349307917E7+8915315.053128399i
0                         3.244222491082903E-7     4.763785119570128E-8     -1.5858141878928682E7+9075870.310092287i
2.274746684520826E-24     2.1457445665613249E-7    7.513119464638829E-8     -2.1410687201584212E7+1.1191207228821274E7i
-4.1359030627651384E-25   2.3137191849259872E-7    7.459854219388789E-8     -2.0739786170882024E7+1.0944476304513989E7i
5.583469134732937E-24     2.1546807526161548E-7    7.885366946571899E-8     -2.155658796014513E7+1.1231036341417585E7i
-4.1359030627651384E-24   2.1266302937631554E-7    7.841650960755042E-8     -2.1540448111486945E7+1.1226297238128258E7i
4.963083675318166E-24     2.134882250777196E-7     8.095135089960772E-8     -2.1506787423722938E7+1.1216650368673017E7i
0                         3.163900648998948E-7     6.520876694083002E-8     -1.6378634354042208E7+9271751.83841641i
3.3087224502121107E-24    2.825435534890409E-7     1.1588092171619638E-7    -1.8398641286197964E7+1.001236662233372E7i
0                         2.417815675611352E-7     1.4694938582000425E-7    -2.0950938977942258E7+1.0810092027230717E7i
0                         1.441492463204858E-7     -1.4983037208425967E-7   -2.4906262823879287E7+1.2097181498666618E7i
-3.3087224502121107E-24   1.3053269772374366E-7    -1.9855931543263272E-7   -2.697722889248377E7+1.2475170105348092E7i
6.6174449004242214E-24    1.9534189390177093E-7    -1.762963768526468E-7    -2.4177083587293852E7+1.17637697743603E7i
3.3087224502121107E-24    8.723907557817635E-8     -2.1034770269556345E-7   -2.84984325360037E7+1.2814061841254566E7i
6.6174449004242214E-24    9.079461477035323E-8     -1.5890299258642E-7      -2.6371410087902993E7+1.2457002569200575E7i
0                         1.0185917752290108E-7    -9.033453138726522E-8    -2.4138662884231664E7+1.2142842411539076E7i
5.293955920339377E-23     0                        -2.1799999999999991E-7   -2.928043682966559E7+1.2953058186212502E7i
-9.926167350636332E-24    5.4729451025116196E-8    -9.194252576102937E-8    -2.4935703466005526E7+1.2382150909556646E7i
3.3087224502121107E-24    2.5498294835954666E-7    -7.02616853346351E-8     -1.953180522060099E7+1.051945063147989E7i
-8.271806125530277E-25    3.047280241604408E-7     -5.389980015820028E-8    -1.6798153358086314E7+9457625.45891951i
3.3087224502121107E-24    2.4262951468959317E-7    -3.3727844817641724E-8   -1.9795873617284555E7+1.0688537032792717E7i
-6.6174449004242214E-24   2.842388511482013E-7     -1.143672847943301E-7    -1.8443146960637193E7+1.0033037999318378E7i
8.271806125530277E-25     3.1734974094425616E-7    -6.47178657302182E-8     -1.6185834048052538E7+9201888.025560066i
0                         3.225473848719573E-7     -5.6596895764559517E-8   -1.5932722366855487E7+9118776.660932261i
0                         3.0727849354433177E-7    3.716187958667846E-8     -1.6682234883260716E7+9414105.13109034i
4.963083675318166E-24     1.9608915284010443E-7    -8.524725028083092E-8    -2.220844506299043E7+1.1436831583206525E7i
-3.3087224502121107E-24   2.3687474334758368E-7    -1.5013343656633706E-7   -2.1225033549875826E7+1.0896155479922336E7i
-1.6543612251060553E-24   1.844986501477195E-7     -9.498502051979598E-8    -2.2993094385861486E7+1.1657436383764021E7i
0                         1.8647651061845574E-7    -8.149310160892542E-8    -2.265793703330335E7+1.160324816213314E7i
0                         3.163330442293183E-7     5.306646607773194E-8     -1.623914907482199E7+9226726.02414605i
0                         3.2286737959469416E-7    5.579691268901542E-8     -1.588459420821639E7+9059716.413256697i
-4.1359030627651384E-25   1.9958994130323732E-7    8.707457570639903E-8     -2.20435869320087E7+1.1382363393837184E7i
0                         1.127542796764382E-7     1.6015247688143135E-7    -2.615929731790508E7+1.242813548258991E7i
6.6174449004242214E-24    1.9077053353123035E-7    1.7843893109443794E-7    -2.4329431163659174E7+1.1804221856780708E7i
-3.3087224502121107E-24   1.3457131188222352E-7    1.9764746760172172E-7    -2.6954912615575906E7+1.2467390856703881E7i
-6.6174449004242214E-24   9.16313733218809E-8      2.0955171772387743E-7    -2.84394170938345E7+1.279870355660138E7i
0                         9.284097861045494E-8     1.6406606081566257E-7    -2.6654069607171513E7+1.2540092928753095E7i
5.293955920339377E-23     0                        2.1799999999999997E-7    -2.9535924053936135E7+1.3019095066535642E7i
0                         1.0110578132682427E-7    1.4502750844500253E-7    -2.592128287210303E7+1.2429510636170791E7i
-1.6543612251060553E-24   8.347196322347463E-8     1.468051687236044E-7     -2.617712897928914E7+1.2498755442122497E7i
-3.3087224502121107E-24   5.262860403016093E-7     -3.671370149176759E-7    -4117372.173868499+3006383.0569327082i
6.6174449004242214E-24    5.326174360744307E-7     -4.454999999999999E-7    388924.6729402966-189030.9969747008i
4.963083675318166E-24     4.982054509356383E-7     -4.2188128458714213E-7   -1912934.0451791272+1256727.0737129888i
-1.6543612251060553E-24   5.895251087508247E-7     -4.454999999999999E-7    -17152.425947326195+9890.98555938311i
0                         4.406983669550136E-7     -4.454999999999999E-7    -39507.42138034387+21317.282699181596i
0                         4.0500000000000004E-7    -3.4694342761748135E-7   -9851240.24199873+6092996.117174324i
0                         4.0500000000000004E-7    -4.2015684848266105E-7   -2346755.0685040997+1479865.64408032i
-1.6543612251060553E-24   4.6834749517382773E-7    -3.137342389695302E-7    -9652541.782851417+6391863.890614235i
-3.3087224502121107E-24   4.05E-7                  -3.121866787531193E-7    -1.2739637918566069E7+7942736.170123254i
0                         5.088057071241112E-7     -2.969173048710213E-7    -8795230.395342756+6187976.101947574i
-3.3087224502121107E-24   4.2869941018243406E-7    -2.8124779152571903E-7   -1.3625806362246515E7+8805773.481263962i
0                         6.305278652133215E-7     -3.967511908904267E-7    -2203847.4144613543+1691752.9560145289i
0                         5.213935146841009E-7     -2.9250758040117066E-7   -8242658.399602979+5951944.874991196i
0                         4.0500000000000004E-7    -2.397036580806863E-7    -1.719227927286215E7+1.1024946610148426E7i
-1.6543612251060553E-24   4.750463203833237E-7     -2.658453244078209E-7    -1.1852894837809855E7+8078547.445970502i
3.3087224502121107E-24    4.40076569456082E-7      -1.931656489292975E-7    -1.6224929000117032E7+1.1019520943523964E7i
3.3087224502121107E-24    4.0500000000000004E-7    -2.107337597881088E-7    -1.8256413647756398E7+1.1901664564918155E7i
3.3087224502121107E-24    4.1609298255046795E-7    -2.2640763205390853E-7   -1.6963156285423733E7+1.1094277210762296E7i
-1.6543612251060553E-24   4.0500000000000004E-7    -9.739946361074687E-8    -1.8071176715814516E7+1.2690537285705844E7i
0                         4.05E-7                  -1.1714201167276451E-7   -1.8633504563406296E7+1.2917982327419773E7i
1.6543612251060553E-24    4.3195813114958147E-7    -1.3077322704547869E-7   -1.707069885118822E7+1.1965529717847817E7i
-3.3087224502121107E-24   4.05E-7                  -1.3424495614328456E-7   -1.8687519988121178E7+1.279447455998688E7i
1.9852334701272664E-23    8.212083153451605E-7     -3.1056727163046257E-7   -2470206.326001589+2826675.207644137i
-9.926167350636332E-24    8.152787305657055E-7     -3.164486616082703E-7    -2354065.633718344+2704485.1717938585i
1.9852334701272664E-23    8.21862073429495E-7      -3.227964186944923E-7    -2342019.8384430124+2613149.0381711647i
-2.481541837659083E-24    7.913127097652019E-7     -3.429403134025503E-7    -1893514.8414808444+2148553.61522543i
3.3087224502121107E-24    8.132164151273462E-7     -3.0889093502113745E-7   -2392296.185004751+2797276.174583384i
9.926167350636332E-24     8.074199076255276E-7     -3.1553049877803573E-7   -2271965.1174135073+2661589.8245701003i
0                         6.721607233116906E-7     -4.455E-7                68532.04191597551-29548.563158011864i
-2.6469779601696886E-23   8.981523529578601E-7     -4.4549999999999996E-7   -54728.46002898688+37505.48520607132i
-3.3087224502121107E-24   7.253368457684986E-7     -4.4549999999999996E-7   110092.13320212581-54131.6427901018i
5.37667398159468E-24      1.215E-6                 8.732574559229382E-9     797847.0241087222+3722321.018894072i
-2.0679515313825692E-25   1.1268959465037E-6       5.227169081700507E-8     -281329.7175373191+3941204.377499721i
9.098986738083304E-24     1.2126376682739553E-6    6.403936259602957E-9     782904.4742323121+3732975.414713341i
4.1359030627651384E-24    1.215E-6                 2.4988748140056306E-9    797209.8678886442+3765041.2662604675i
0                         1.2149999999999998E-6    1.6701820046544376E-7    821765.8274110338+2954596.1815137193i
0                         1.035904606529041E-6     1.0367114061262876E-7    -1325819.544654712+4140134.8144495524i
0                         1.2149999999999998E-6    -4.4549999999999996E-7   279733.845452594-24441.66080073191i
6.6174449004242214E-24    9.72699324040614E-7      -3.091343366762282E-7    -850196.4558983771+2035111.5426496647i
1.3234889800848443E-23    1.0224598881796357E-6    -2.1985295013466604E-7   -1114720.1920230915+3189880.222260666i
1.9852334701272664E-23    1.0875350022453794E-6    -2.077125204738675E-7    -541219.1081265019+3096421.769355743i
-1.3234889800848443E-23   1.2149999999999998E-6    -1.5626287560041607E-7   688691.7257234693+3106507.6744823083i
-1.3234889800848443E-23   9.752735153072758E-7     -2.1907271783560623E-7   -1632173.5300016247+3409124.573009424i
2.0679515313825692E-24    1.204310246553989E-6     1.348473096341726E-9     694305.7272654397+3730404.138347754i
0                         9.918136933547865E-7     -1.5462488159909355E-7   -1773549.1532995526+3886754.6470152573i
-3.3087224502121107E-24   7.509524380529078E-7     -1.2646894404393406E-7   -5864454.307553964+6051323.272006564i
0                         7.555756107920515E-7     -1.3896809380089228E-7   -5742037.492415314+5929593.305948394i
-1.6543612251060553E-24   7.361989458559782E-7     -1.3756863109985273E-7   -5985468.976805838+6041968.389756149i
-1.6543612251060553E-24   7.646789088745446E-7     -1.0525281056743316E-7   -5702398.55460666+6007567.347887917i
-9.926167350636332E-24    7.653409434289764E-7     -1.3735608732262426E-7   -5414128.254607032+5762489.335165176i
-1.6543612251060553E-24   7.905652758299973E-7     -1.2802704026114854E-7   -5051906.88458797+5628924.604003168i
9.926167350636332E-24     6.40923865685546E-7      -2.6855387927708157E-7   -5764613.415786621+4928261.078766805i
1.6543612251060553E-24    5.768927342290918E-7     -2.7810202485500783E-7   -7349657.915665481+5635283.965960775i
0                         6.30284338872633E-7      -2.427472243185585E-7    -6763803.578946487+5668847.860937168i
1.6543612251060553E-24    6.638786016421364E-7     -3.4144155870584834E-7   -3169388.0537315942+2770834.2987173432i
9.926167350636332E-24     6.596687504560925E-7     -2.523701309500776E-7    -5863748.420504158+5135816.131974294i
3.3087224502121107E-24    5.743375248037586E-7     -2.162006507261736E-7    -9280429.441507783+7193939.018877355i
-4.963083675318166E-24    7.322560753885223E-7     -1.1570613314772139E-7   -6266043.758149063+6272136.940321194i
-3.3087224502121107E-24   4.229476789816154E-7     1.2304930426346377E-7    -1.7553919496316917E7+1.2282988018951137E7i
0                         4.0499999999999993E-7    1.2843267564053058E-7    -1.8835904949125268E7+1.2941544678724432E7i
4.963083675318166E-24     4.0500000000000004E-7    1.0483433646592005E-7    -1.801403803595025E7+1.2599821183871036E7i
0                         4.3006386752658733E-7    4.609342036495255E-9     -1.6077607980267871E7+1.1836545979434853E7i
0                         4.0500000000000004E-7    2.5071177408604445E-8    -1.714021812369758E7+1.2374927423144376E7i
3.3087224502121107E-24    4.0500000000000004E-7    -1.6658777789044055E-8   -1.7080648190214653E7+1.235638360532357E7i
-1.6543612251060553E-24   5.057475649582711E-7     -7.083858521324827E-8    -1.3753551140011603E7+1.0431741029458579E7i
0                         4.937156061610073E-7     -7.612275167876728E-8    -1.4147263111514479E7+1.0634285402575761E7i
3.3087224502121107E-24    5.163613659715325E-7     -8.972763520836649E-8    -1.3141123877700273E7+1.0045447986473326E7i
0                         5.224906744802441E-7     -7.347205790757949E-8    -1.2962993766213859E7+9999038.373624789i
0                         5.059971693914353E-7     -8.079731816234046E-8    -1.3815311741947401E7+1.0454344187658232E7i
3.3087224502121107E-24    5.036663645851501E-7     -9.883236845865358E-8    -1.3880024821130717E7+1.0399333141769467E7i
0                         5.125703033830536E-7     -8.207761118875145E-8    -1.3565603989224445E7+1.0319997659694659E7i
0                         4.756426370857559E-7     -1.4761615745927355E-7   -1.4766008229149595E7+1.0695149181984795E7i
-3.3087224502121107E-24   4.894059883646249E-7     -1.6776594515051276E-7   -1.3626719238075826E7+9908361.731538724i
0                         5.2041483771261E-7       -2.733237876229981E-7    -8903019.469781388+6479972.0723004695i
1.6543612251060553E-24    4.05E-7                  -4.454999999999999E-7    -48944.759288999936+25068.763903838826i
0                         1.458331962435541E-7     -2.408062306459975E-8    -2.3302247785777733E7+1.191722867381357E7i
-4.1359030627651384E-25   2.1038990885193158E-7    7.377294459647265E-8     -2.1356503108120777E7+1.1167481434882022E7i
-1.6543612251060553E-24   1.9416718692265394E-7    -1.3838956692881505E-8   -2.1659012931644022E7+1.135653674566724E7i
-3.3087224502121107E-24   1.9390047367107988E-7    -7.248552237665454E-8    -2.2040424413715504E7+1.140841941613198E7i
-8.271806125530277E-25    1.8036673360092985E-7    -7.978400357287589E-8    -2.2991385917803846E7+1.1720669827504009E7i
8.271806125530277E-25     1.7972923293965396E-7    -5.922009713511576E-8    -2.26137660049804E7+1.1625811845617032E7i
0                         1.7823023133202587E-7    9.106668148712701E-9     -2.2096679372971024E7+1.1536868393914336E7i
-9.926167350636332E-24    4.3091712304994005E-7    1.4965408578099417E-7    -1.7194679898698114E7+1.1883857941596309E7i
-3.3087224502121107E-24   4.0499999999999993E-7    1.5536809998364214E-7    -1.8894645299605772E7+1.2722438088097947E7i
1.075334796318936E-23     5.122763828886015E-7     3.016566432580802E-7     -8385845.0572681995+5921443.013981556i
-1.6543612251060553E-24   5.097713876176654E-7     2.962928230099749E-7     -9007248.966437016+6302708.7532645175i
-6.6174449004242214E-24   5.126962132280286E-7     2.946232044841032E-7     -8506081.023681616+6082902.742795465i
6.6174449004242214E-24    5.030217762413025E-7     3.0014579672453795E-7    -9199399.324400043+6332561.612651147i
-1.6543612251060553E-24   5.023435948197871E-7     2.950052560091472E-7     -9048868.295959467+6326219.381035648i
-8.271806125530277E-25    5.010508055561108E-7     2.868242215369731E-7     -9504433.88342821+6642323.027085482i
-1.6543612251060553E-24   5.104784209867601E-7     2.879986309620584E-7     -8876563.327605942+6320810.035083863i
3.3087224502121107E-24    4.0499999999999993E-7    2.320617872425941E-7     -1.7393908643293872E7+1.1276842871260604E7i
-3.3087224502121107E-24   4.05E-7                  2.735652982785125E-7     -1.5233374629856851E7+9688049.418753415i
-6.6174449004242214E-24   7.191603727256436E-7     1.8384425702366384E-7    -5639633.079175403+5534923.570286655i
0                         6.566401525351968E-7     1.3140755295295209E-7    -8221067.504514201+7248808.129111973i
0                         7.551942082376031E-7     7.367322629255253E-8     -6132629.159055057+6364710.120480749i
0                         8.291194103648033E-7     1.9104739296724595E-7    -3850970.1721530394+4623708.149714554i
0                         1.0306257635680043E-6    1.074706301271778E-7     -1427777.83349581+4163691.5161889694i
-1.6543612251060553E-24   8.609381620105912E-7     2.047652995090036E-7     -3272201.9563744375+4263134.032085178i
1.3234889800848443E-23    9.69082694158509E-7      2.6920211458902713E-7    -1230022.642593359+2751169.119524721i
0                         1.2149999999999998E-6    4.4549999999999996E-7    264307.19239871827-22358.484389050354i
1.6543612251060553E-24    5.323948620927943E-7     3.1268441278780743E-7    -6870110.462906724+5039414.9619038785i
0                         9.846450483303935E-7     -4.525712638325865E-8    -2078471.1717806472+4475122.7175075095i
0                         1.031894368243839E-6     1.0149810101139119E-7    -1411397.452119449+4120030.0543330894i
1.6543612251060553E-24    8.592174677283653E-7     1.909730770230408E-7     -3564962.8527048132+4527734.272227128i
-6.6174449004242214E-24   8.439525938464243E-7     2.3246472173978106E-8    -4508601.314782405+5730067.8208067715i
-6.6174449004242214E-24   9.213280352766648E-7     -7.711784241910473E-8    -3084926.9729423686+4976642.017934062i
0                         7.964552461523533E-7     -2.8655837292582008E-9   -5402714.847100048+6187690.193327111i
1.6543612251060553E-24    8.471326139072493E-7     1.8368893397569237E-7    -3640400.8937767437+4559304.209969726i
6.6174449004242214E-24    7.316898440905242E-7     -1.1522262200644509E-8   -6895915.382361544+6928243.580055131i
-3.3087224502121107E-24   6.217165401723967E-7     8.360856823412926E-8     -9259958.13842001+7892149.196445835i
0                         5.980928446312825E-7     -3.2447306999714584E-8   -1.0258045306674423E7+8675509.371917477i
0                         4.6038585260233153E-7    2.1063438057859217E-7    -1.4716748346492996E7+1.0109721250813577E7i
-3.3087224502121107E-24   5.788830881781477E-7     1.5849592862598437E-7    -1.0188062254180884E7+8089146.057990143i
3.3087224502121107E-24    5.081361512864311E-7     2.0812796802163802E-7    -1.183093952813188E7+8644948.786013028i
3.3087224502121107E-24    5.073661121690562E-7     1.7288797809411122E-7    -1.2452607266233586E7+9226225.369285846i
3.3087224502121107E-24    5.68932418264637E-7      9.220206261200483E-8     -1.1274941718668489E7+9022596.620742865i
-3.3087224502121107E-24   4.978714350483425E-7     6.693244510335123E-8     -1.382970442531324E7+1.0528894419588765E7i
3.3087224502121107E-24    5.322166986747205E-7     2.8971997978770405E-8    -1.2781302590005772E7+1.0005970197711097E7i
3.3087224502121107E-24    4.873340538782457E-7     3.503827684482583E-8     -1.4343018441768244E7+1.0872589947097853E7i
-3.3087224502121107E-24   4.5796924466501724E-7    5.133081335852132E-8     -1.548600407309504E7+1.1461554141241124E7i
0                         4.05E-7                  3.3660671764184514E-7    -1.1295662871649845E7+6932669.380712675i
-3.3087224502121107E-24   4.0499999999999993E-7    3.599381553071932E-7     -8758825.85943385+5396653.64807948i
0                         5.895251087508247E-7     4.455E-7                 6114.980451325511-4647.035199851225i
3.3087224502121107E-24    5.326174360744306E-7     4.455E-7                 311766.35697454-152323.351051827i
-1.6543612251060553E-24   4.98804510473703E-7      4.2666430989725295E-7    -1484752.0799163217+982017.6181253877i
0                         4.406983669550134E-7     4.4549999999999996E-7    39479.82864951592-21099.321360582006i
8.271806125530277E-25     4.0499999999999993E-7    4.2501238309926197E-7    -1832919.0934647317+1164522.541278281i
-6.6174449004242214E-24   1.5220354472666537E-7    8.983143980595564E-8     -2.3339479508351825E7+1.186605586305366E7i
0                         4.4742000386481485E-8    7.651235828203531E-8     -2.5110886753973067E7+1.2480895655829947E7i
0                         1.5647318959968855E-7    2.5614712007988648E-8    -2.2969327018434018E7+1.1827249405078227E7i
-3.3087224502121107E-24   0                        8.104465163018918E-8     -2.546318836263153E7+1.2585710274545347E7i
-3.3087224502121107E-24   1.262747717110734E-7     -3.804720076852329E-9    -2.3538262817395143E7+1.205003537822201E7i
-6.6174449004242214E-24   0                        -6.174187176468793E-8    -2.5038575193042148E7+1.2540730283046843E7i
0                         0                        3.595848397815377E-8     -2.5270564865132432E7+1.2600679315951174E7i
0                         1.6125065480234575E-7    5.259751802102495E-9     -2.26652345638155E7+1.1768907074961364E7i
-1.3234889800848443E-23   6.486507101039389E-7     2.9033332083798283E-7    -5185839.782827429+4433234.52052521i
-6.6174449004242214E-24   6.004299605272005E-7     2.913854910253725E-7     -6041085.21099479+4862937.976976298i
3.3087224502121107E-24    6.620545807397854E-7     3.8896320905328457E-7    -2045987.8778219228+1688158.4282308428i
-1.6543612251060553E-24   8.17518784022675E-7      2.109700810139343E-7     -3847601.0986528927+4447717.61967867i
3.3087224502121107E-24    5.587293487059081E-7     2.464395181103522E-7     -9057236.669313874+6849136.462396212i
3.3087224502121107E-24    6.239825438841986E-7     1.7597682247649222E-7    -8166081.457348823+6865760.710042793i
0                         6.173483705550245E-7     1.1782124918134718E-7    -9265708.85780575+7864847.560293111i
0                         8.484967532180724E-7     2.0097995079794593E-7    -3556089.9574727532+4435151.189244551i
-3.3087224502121107E-24   7.076888590887493E-7     4.1399052626569223E-7    -806227.077985801+767374.4449097402i
-6.6174449004242214E-24   9.416133751560109E-7     3.344897466239036E-7     -1019112.2258595098+1861313.9091187082i
3.3087224502121107E-24    7.253368457684986E-7     4.454999999999999E-7     -247141.1206188933+113466.52832018318i
1.3234889800848443E-23    8.981523529578602E-7     4.454999999999999E-7     70626.69747705068-31009.497478669426i
0                         8.529939627817213E-7     2.1376682197985615E-7    -3388583.1898933426+4224760.392467889i
0                         6.721607233116907E-7     4.454999999999999E-7     -166083.3731458959+90034.0699748409i
1.6543612251060553E-24    4.05E-7                  4.454999999999999E-7     48944.75928900268-25068.763903840212i
-6.6174449004242214E-24   2.842388511482013E-7     -1.143672847943301E-7    -7082732.69168406+4447873.978562594i
0                         3.2723864918696265E-7    -1.1618389509387602E-7   -6247620.272596667+3794095.736307972i
8.271806125530277E-25     3.1734974094425616E-7    -6.47178657302182E-8     -3222115.629025425+2218272.526599273i
0                         2.9589792924300793E-7    -1.6529353632223291E-7   -9354894.94240807+5242515.956749655i
0                         3.2848136844983233E-7    -1.4549972275350203E-7   -7533962.451373708+4321584.41531103i
-3.3087224502121107E-24   3.7267757677020274E-7    2.822401991966959E-9     -2889818.7621643455+1936781.2370169158i
-3.3087224502121107E-24   3.3399999999999995E-7    2.3237673013821025E-23   -2768138.129932006+1674210.7924599126i
0                         3.2456485463078355E-7    -4.6565295574875403E-8   -3203267.0019427305+1923155.7965518439i
0                         3.372072708007166E-7     -4.565449056299681E-8    -3488625.593840419+2177673.7978482926i
0                         4.0500000000000004E-7    2.5071177408604445E-8    -2726606.0513886623+1993553.858251259i
0                         3.3527326626917976E-7    4.844029866167916E-8     -3458214.5847410336+2161278.6651278157i
0                         3.244222491082903E-7     4.763785119570128E-8     -3311436.5042618318+2000913.7812244643i
3.3087224502121107E-24    4.0500000000000004E-7    -1.6658777789044055E-8   -2812820.4666806273+2045719.549594882i
0                         3.3781097628247143E-7    -1.0386707252008429E-7   -5511158.280768028+3375139.3590801195i
-1.6543612251060553E-24   3.73520735760809E-7      -1.1813917207165913E-7   -4584975.97312836+2908787.6532476605i
-8.271806125530277E-25    3.481432612687642E-7     -7.56723390904528E-8     -4020445.9724254417+2545078.2053002967i
0                         3.225473848719573E-7     -5.6596895764559517E-8   -3638216.7871046523+2300372.0950854933i
-3.3087224502121107E-24   1.3053269772374366E-7    -1.9855931543263272E-7   -2.3638218116717443E7+1.112399644822646E7i
0                         1.220780421927859E-7     -2.2273482788497544E-7   -2.4196114540718343E7+1.1063195323747152E7i
3.3087224502121107E-24    8.723907557817635E-8     -2.1034770269556345E-7   -2.6910558346735E7+1.2209027276147543E7i
0                         7.448056229228033E-8     -2.7470966566578347E-7   -2.3285970363231402E7+1.0094145126106253E7i
-3.3087224502121107E-24   1.8352865659065677E-7    -2.3735387190800953E-7   -1.923030143786754E7+8982390.736311221i
3.3087224502121107E-24    1.7756394546135606E-7    -2.0335207816822267E-7   -1.951794138564594E7+9423924.314394647i
6.6174449004242214E-24    1.9534189390177093E-7    -1.762963768526468E-7    -1.772130645448564E7+9009714.689762536i
0                         2.059510026061127E-7     -2.12004018437044E-7     -1.7308670068397805E7+8485051.409299336i
-3.3087224502121107E-24   2.3687474334758368E-7    -1.5013343656633706E-7   -1.2056270403752767E7+6728138.748645502i
0                         2.809906343574287E-7     -2.0238054224862738E-7   -1.20851225843396E7+6228455.927135101i
0                         2.285285474353789E-7     -1.9109266393329248E-7   -1.515261170996353E7+7758430.803631112i
0                         2.4473141976354446E-7    -2.278223636251061E-7    -1.4699809832944686E7+7227331.013043962i
5.293955920339377E-23     0                        -2.1799999999999991E-7   -2.9644614181784865E7+1.3042579779874498E7i
1.6543612251060553E-24    5.989077153941894E-8     -2.9157422525523383E-7   -2.2476025479293242E7+9597803.638991993i
-4.963083675318166E-24    3.486559627778935E-7     1.2183064816546836E-7    -5502801.669214141+3385704.4468564205i
-8.271806125530277E-25    3.261520207172293E-7     7.509251767450445E-8     -3886590.5371045936+2482362.044190314i
-4.963083675318166E-24    3.2438824254503895E-7    1.1696663682194968E-7    -6321175.340017165+3856652.2752331016i
0                         3.2286737959469416E-7    5.579691268901542E-8     -2946258.8466611044+1921607.659658064i
3.3087224502121107E-24    2.825435534890409E-7     1.1588092171619638E-7    -6921266.582803761+4397715.880271837i
0                         3.163900648998948E-7     6.520876694083002E-8     -2841666.6040061945+2041440.4916143676i
6.6174449004242214E-24    2.731387494325709E-7     1.6045824761512003E-7    -1.0115073766029183E7+5659114.151502215i
0                         2.40118382919569E-7      1.821382005347734E-7     -1.4247925099347118E7+7425248.463466087i
0                         2.417815675611352E-7     1.4694938582000425E-7    -1.1552324768678177E7+6514002.197248408i
0                         2.7142591451613846E-7    1.9693099311231565E-7    -1.2610404091836352E7+6537029.736307823i
6.6174449004242214E-24    1.9077053353123035E-7    1.7843893109443794E-7    -1.797406459014549E7+9119905.231248507i
3.3087224502121107E-24    1.827670275842819E-7     2.2393899650834713E-7    -1.9344348582104143E7+9175732.588561408i
-3.3087224502121107E-24   1.3457131188222352E-7    1.9764746760172172E-7    -2.350489060235023E7+1.1071651097529996E7i
0                         2.1705164509244379E-7    2.2419796653180624E-7    -1.6760940616902566E7+8079141.397764936i
0                         1.528390136559086E-7     2.347632528767295E-7     -2.153069052109601E7+9887648.594592417i
-6.6174449004242214E-24   9.16313733218809E-8      2.0955171772387743E-7    -2.6656185354427736E7+1.2121452878822127E7i
-1.6543612251060553E-24   9.53014522433121E-8      2.9921048943762033E-7    -1.965356776977525E7+8519806.321838966i
5.293955920339377E-23     0                        2.1799999999999997E-7    -2.9547428183837723E7+1.299958378638834E7i
0                         7.831495770055783E-8     3.225805699964696E-7     -1.814507651373175E7+7699895.285585749i
3.3087224502121107E-24    1.7942617095072962E-7    2.5903385663126144E-7    -1.866530269329457E7+8552479.471355915i
-3.3087224502121107E-24   4.05E-7                  -3.121866787531193E-7    -2174590.5663327435+1341701.0376010097i
0                         4.0500000000000004E-7    -3.4694342761748135E-7   -1851466.1080962413+1126443.8002892204i
-3.3087224502121107E-24   3.8609509271723143E-7    -3.3082506059804267E-7   -3328557.105309258+1817630.0742660079i
0                         3.6651440745773254E-7    -1.6143933001622153E-7   -5333639.7339329645+3181152.042950831i
-3.3087224502121107E-24   3.7131883893163374E-7    -2.1213537535522666E-7   -5751196.603053324+3271203.028903787i
3.3087224502121107E-24    4.0500000000000004E-7    -2.107337597881088E-7    -3379460.4725172757+2144374.10705829i
0                         4.0500000000000004E-7    -2.397036580806863E-7    -3158270.231285183+2001486.1006301835i
-1.6543612251060553E-24   4.0500000000000004E-7    -9.739946361074687E-8    -3295319.754716778+2295612.9036058714i
0                         4.05E-7                  -1.1714201167276451E-7   -3156252.288712496+2216219.39921865i
-3.3087224502121107E-24   4.05E-7                  -1.3424495614328456E-7   -3245769.6261698455+2223794.644412939i
0                         3.665707625436965E-7     -3.504214866779362E-7    -3513109.276154104+1832393.8460174622i
0                         3.089463317645683E-7     -4.0658160224745466E-7   -2665938.9119747905+1268148.949218164i
8.271806125530277E-25     3.8411510713301346E-7    -4.4549999999999985E-7   101549.9626986921-56869.2472299162i
0                         4.0500000000000004E-7    -4.2015684848266105E-7   -334057.2341557892+214683.68061175253i
-6.6174449004242214E-24   3.155028589949371E-7     -4.454999999999999E-7    -54639.26381808019+29884.482629490347i
3.3087224502121107E-24    2.87063175945506E-7      -4.454999999999999E-7    90976.62368095333-40486.411759803814i
9.926167350636332E-24     2.1722041413852832E-7    -4.454999999999999E-7    -11511.222159851044+6161.990359279724i
0                         2.0840315975913164E-7    -4.052084166440978E-7    -4616052.951078874+2014835.4150811627i
-1.6543612251060553E-24   2.4707677954244353E-7    -4.0559583864461137E-7   -4432074.28588336+1941316.9090362252i
6.6174449004242214E-24    1.8381193472561107E-7    -4.454999999999999E-7    96445.10005334666-45238.35712990482i
-1.6543612251060553E-24   3.1589998082376315E-7    -2.9120126283833433E-7   -8334890.673689753+4139180.079368743i
-1.6543612251060553E-24   3.1967893196663337E-7    -2.7490047141194047E-7   -8767844.592285994+4390589.525704301i
-6.6174449004242214E-24   3.11885486656784E-7      -2.721278519896205E-7    -9457118.808909168+4717848.832650979i
-3.3087224502121107E-24   3.1835704815807105E-7    -2.652917891428765E-7    -9078945.352014173+4579685.309428735i
1.6543612251060553E-24    3.328258745815588E-7     -2.681823842624209E-7    -7938608.301097343+4069558.100289701i
0                         3.2215553629419776E-7    -2.5243382297855174E-7   -8862287.433176016+4540769.9569826275i
-1.6543612251060553E-24   3.043429408055094E-7     -2.6089305079404214E-7   -1.0273493168362517E7+5118755.962383666i
3.3087224502121107E-24    3.2179985988153985E-7    -1.927950442301918E-7    -9116291.00644466+4949540.855105935i
4.1359030627651384E-25    1.0205880176318907E-7    -3.65934549534446E-7     -1.1967925917099157E7+5020227.048783694i
3.3087224502121107E-24    1.229602579813722E-7     -4.454999999999999E-7    -57893.40745083518+24907.282661689303i
6.6174449004242214E-24    9.187797074751496E-8     -4.454999999999999E-7    5403.895688873565-2606.189699280164i
2.7917345673664684E-24    1.0118710880551074E-7    -3.6580289809793065E-7   -1.2301551252627112E7+5149181.601900357i
-8.375203702099405E-24    1.01346545756948E-7      -3.646618042051065E-7    -1.2566107795953616E7+5263827.291371798i
-8.375203702099405E-24    1.0128230550336893E-7    -3.6501221436648336E-7   -1.2517311301347658E7+5239540.848655115i
-8.375203702099405E-24    1.0162327474647366E-7    -3.6497176650213317E-7   -1.2414708510800218E7+5197252.272386356i
2.3781442610899546E-24    1.0001298374534613E-7    -3.6453617679211123E-7   -1.2526084403353494E7+5250427.378259583i
3.101927297073854E-25     1.0488740949516866E-7    -3.655423174223095E-7    -1.2058898250447793E7+5070781.165786538i
0                         0                        -4.4549999999999996E-7   -56408.80374854128+21123.564698695824i
0                         0                        -3.4538085935338504E-7   -1.6224794335747872E7+6777347.204885638i
0                         9.957408903520677E-8     -3.6076487094149834E-7   -1.304680369848849E7+5475457.43806213i
1.6543612251060553E-24    4.05E-7                  -4.454999999999999E-7    115912.75055480997-61510.936455268406i
0                         3.0989437806273314E-7    -3.5824145004601504E-7   -5584590.930676182+2712034.6340620043i
1.6543612251060553E-24    2.2338048895211112E-7    -3.786997143671236E-7    -7057932.620597862+3141056.1407481963i
1.6543612251060553E-24    2.0997228703535474E-7    -3.7854053528575486E-7   -7476241.172018364+3305291.8471972523i
-1.809457589959748E-23    1.8879687046885873E-7    -2.9704586673540736E-7   -1.6562453093408132E7+7371473.213406543i
-1.809457589959748E-23    1.8896361542786332E-7    -2.9701769426919125E-7   -1.652175549118124E7+7335393.603687447i
-1.809457589959748E-23    1.888962323811267E-7     -2.971571613511841E-7    -1.664565898154366E7+7368619.23056286i
-1.809457589959748E-23    1.890514545954827E-7     -2.9715996888192254E-7   -1.6179558349162197E7+7181767.386248502i
1.3958672836832342E-24    1.8917170216459414E-7    -2.9700891836352635E-7   -1.6148861311256727E7+7224832.1577354595i
-2.3005960786631082E-24   1.8921867874226825E-7    -2.980420331746075E-7    -1.611964925986168E7+7158950.7555191675i
3.5155176033503676E-24    1.896369518407359E-7     -2.974196339012212E-7    -1.586932521693207E7+7089851.12441919i
1.0339757656912846E-25    1.8641695911796334E-7    -2.9692825149633596E-7   -1.644213936609901E7+7339304.73973467i
2.7658851732241863E-24    1.892275534648743E-7     -2.966859820971423E-7    -1.6330292958766486E7+7302057.578260317i
8.013312184107456E-25     1.8869733953674342E-7    -2.966931670688722E-7    -1.6462031885054333E7+7330379.044384521i
3.3087224502121107E-24    0                        -3.1680208622107123E-7   -1.986110260228401E7+8390400.218634086i
1.6543612251060553E-24    7.198442187251522E-8     -2.902850317424322E-7    -2.234823048349478E7+9582939.658167977i
0                         3.527479741298276E-7     1.0156705453702295E-7    -4930612.1750183385+3101548.4106652103i
4.963083675318166E-24     4.0500000000000004E-7    1.0483433646592005E-7    -3105280.8019304997+2176519.3544758568i
0                         4.0499999999999993E-7    1.2843267564053058E-7    -3351935.384058348+2298396.581993002i
1.6543612251060553E-24    3.125318136652158E-7     1.5181590896225756E-7    -8410375.259838045+4758022.013235156i
-4.963083675318166E-24    3.303829611806797E-7     1.2762098538370945E-7    -6731697.39291068+4029217.896714805i
-3.3087224502121107E-24   3.538621305915753E-7     1.4618654962126732E-7    -5660028.260596788+3391427.2135926457i
-3.3087224502121107E-24   4.0499999999999993E-7    1.5536809998364214E-7    -3321824.0699639055+2204988.5638310798i
-3.3087224502121107E-24   3.72727081607797E-7      2.0046709680154934E-7    -5463429.39009208+3201307.3543452406i
0                         3.3004770761928105E-7    1.7732094118206457E-7    -8078944.345114891+4559062.06749065i
0                         3.0147508767166456E-7    1.9577052087250105E-7    -1.0460341654146278E7+5530722.057449439i
0                         3.4345836922371087E-7    2.2319147254519124E-7    -7552151.409546669+4087126.60020768i
-3.3087224502121107E-24   4.05E-7                  2.735652982785125E-7     -2607062.4793238887+1668845.3449568818i
-3.3087224502121107E-24   3.720860354356362E-7     2.5052669610440564E-7    -5435248.345622791+3011066.7296069837i
3.3087224502121107E-24    4.0499999999999993E-7    2.320617872425941E-7     -3131906.1085709236+1999349.3180417076i
3.3087224502121107E-24    0                        3.1811914064661494E-7    -1.9883282849113483E7+8384269.562759298i
-3.3087224502121107E-24   2.6757782579705685E-7    2.8078293011286835E-7    -1.1926393291233134E7+5706378.339318151i
1.6543612251060553E-24    2.1178523028094897E-7    2.571653866646535E-7     -1.683176487375841E7+7835749.264203289i
0                         2.311789658019234E-7     3.1969155330587577E-7    -1.1423696685671838E7+5227708.882170254i
3.3087224502121107E-24    2.6846293266663124E-7    2.3306344821711997E-7    -1.264231558438794E7+6300770.599086987i
3.3087224502121107E-24    3.3760489149344435E-7    2.609988592843833E-7     -7823918.173611044+4054335.3641818822i
3.3087224502121107E-24    2.992648110598895E-7     2.3033719615781518E-7    -1.0778441891007086E7+5502504.893067012i
0                         3.13925395903042E-7      2.770137997670035E-7     -9076665.146118704+4548404.013897002i
1.6543612251060553E-23    3.2927163314406747E-7    3.616657464838949E-7     -4955328.918044122+2425192.5317266295i
-1.6543612251060553E-24   3.293741581456172E-7     3.539250287028797E-7     -5266173.339707194+2554995.499636086i
1.6543612251060553E-23    3.3390163942382485E-7    3.620691145343137E-7     -4608658.293625448+2256088.2240576986i
-8.271806125530277E-25    3.3553216352451E-7       3.4355600213024507E-7    -5148030.771803008+2544476.204572657i
5.790264287871194E-24     3.3337253503560996E-7    3.701588306747554E-7     -4271334.6854178915+2080167.4972052004i
-2.481541837659083E-24    3.129454890763891E-7     3.603046123239545E-7     -5563659.115787734+2662806.508053669i
8.271806125530277E-25     3.4157106015514567E-7    3.544596371314311E-7     -4473616.259469487+2224888.304055852i
-4.963083675318166E-24    3.409634210589772E-7     3.6209772157797953E-7    -4244832.351703403+2089150.3557692133i
-8.271806125530277E-25    3.2473826955975E-7       3.697089993008175E-7     -4452180.085185551+2185740.9789543734i
3.3087224502121107E-24    3.790085081135071E-7     3.091434151373879E-7     -4292626.032422726+2284309.486435888i
0                         4.05E-7                  3.3660671764184514E-7    -2050695.1507085434+1231659.7194623942i
-3.3087224502121107E-24   4.0499999999999993E-7    3.599381553071932E-7     -1636690.6187768725+987919.7216425971i
-4.1359030627651384E-25   3.661809926110364E-7     3.9949853692337553E-7    -2423828.3875192637+1178999.8011556438i
8.271806125530277E-25     4.0499999999999993E-7    4.2501238309926197E-7    -157666.99881077916+107594.45673854358i
0                         1.1115187150364822E-7    3.230096667381466E-7     -1.7316771882666677E7+7400631.604901904i
-3.3087224502121107E-24   1.9232187095677768E-7    3.3717828838712353E-7    -1.2199136533006702E7+5411878.076410544i
6.6174449004242214E-24    1.8601180600101045E-7    3.673769359421495E-7     -9436764.110067295+4121359.254812002i
0                         1.123003350172797E-7     3.41921842047284E-7      -1.5030084490049636E7+6373647.11973835i
0                         1.5455481895543223E-7    4.1436884091150925E-7    -4053130.5478152824+1749108.9852268018i
3.3087224502121107E-24    2.2089071643573936E-7    3.554368049398117E-7     -9436126.630288482+4208760.6104686735i
0                         2.052318650827309E-7     4.035065197448565E-7     -4800182.132225323+2097772.9497966915i
0                         1.8381193472561104E-7    4.4549999999999985E-7    -19997.589970168032+6429.798992466342i
-6.6174449004242214E-24   2.1722041413852846E-7    4.4549999999999985E-7    11511.222159842917-6161.9903592771025i
0                         3.841151071330135E-7     4.454999999999999E-7     -70112.24096093768+39036.7666167957i
6.6174449004242214E-24    3.1550285899493716E-7    4.4549999999999985E-7    54639.26381809189-29884.482629494923i
3.3087224502121107E-24    2.61414520217548E-7      4.040926537954267E-7     -4570612.7720193425+1998251.3600504599i
3.3087224502121107E-24    2.87063175945506E-7      4.4549999999999985E-7    20071.771205103058-17364.257423088955i
1.6543612251060553E-24    9.318306857917759E-8     3.341960237443665E-7     -1.6634923891309466E7+7034403.173277779i
0                         2.709295942038924E-8     3.4053980689009577E-7    -1.677479799657805E7+7025221.582960107i
0                         9.936968505764839E-8     3.668589632183645E-7     -1.1768877943577336E7+4961230.9356056275i
0                         1.2296025798137228E-7    4.454999999999999E-7     -3454.6363445730917-1162.8890203603053i
0                         9.187797074751499E-8     4.454999999999999E-7     -5403.895688875907+2606.1896992808506i
0                         0                        4.4549999999999996E-7    -88905.28760680257+31592.812907543615i
0                         0                        3.466979137789287E-7     -1.611390319131026E7+6720884.11496493i
1.6543612251060553E-24    4.05E-7                  4.454999999999999E-7     95719.6380188658-51425.08790030419i
