% Model:              omc_unitcell_iso.mph
% Version:            COMSOL 6.2.0.658
% Date:               Jul 1 2026, 11:45
% Dimension:          3
% Nodes:              305
% Expressions:        2
% Description:        Electric field, y-component, Electric field norm
% Length unit:        m
% X                       Y                        Z                        ewfd.Ey (V/m) @ lambda=1.1E-11                    ewfd.normE (V/m) @ lambda=1.1E-11
-3.3087224502121107E-24   3.11640147700064E-7      -1.1976618988071797E-8   1309467.5937352295-2844922.5359381256i            7407220.262632987
8.271806125530277E-25     3.251713317899763E-7     -4.5402139950156244E-8   1489767.6637273598-2779803.5784279457i            7180216.921611718
3.3087224502121107E-24    3.341587528859366E-7     2.3248404524220318E-23   1279791.2859092208-2695924.8402808853i            7425681.176065095
3.3087224502121107E-24    2.1377803373446657E-7    -8.98969548131277E-8     2777720.8653649194-3052857.5622443208i            6894739.161800464
3.3087224502121107E-24    2.873933361043472E-7     -1.114077343861201E-7    1849785.79306091-2815064.0700799134i              7944596.9720006455
0                         3.182396563385692E-7     -6.343381124083152E-8    1623900.408926867-2777411.309995618i              7228115.25848962
-1.6543612251060553E-24   1.99411942363288E-7      -1.1418858509067949E-7   3654058.4987065517-3145215.2635913524i            7346623.129784018
0                         2.1845653395423077E-7    -1.6518554386307116E-7   3714304.8058559867-2924687.9054036797i            8839261.359890293
3.3087224502121107E-24    2.4663417250518805E-7    -1.4426116112124456E-7   3509935.903349301-2802575.9287873153i             8438889.064238349
-1.0339757656912846E-25   1.1513907745767914E-7    -2.0461885748524736E-7   6510961.951751945-2117920.032699444i              8551804.844334187
4.1359030627651384E-25    2.5720174943636357E-7    5.1192065844283316E-8    2193233.2458957382-3029416.4490238153i            6918736.961359625
0                         2.538559103127853E-7     5.584570174921412E-8     2260757.9520842573-2855783.493008239i             6873532.996097151
0                         3.24970696555981E-7      5.0869258428683064E-8    1536170.3787479913-2736935.412459439i             7325598.410782611
0                         3.258812924319995E-7     4.569473248067654E-8     1509745.9634819007-2720687.7579222806i            7141072.797426109
-3.3087224502121107E-24   2.951442792554136E-7     1.024258598957873E-7     1664848.3128001178-2808559.5831649764i            7819439.063501838
0                         3.221038368927431E-7     5.584714369209338E-8     1623233.9564409666-2753221.699806521i             7207170.4072882375
0                         2.5315329523993733E-7    6.001853845885086E-8     2378936.3808840523-2978582.8360301084i            6946787.459560765
0                         2.5085145295922413E-7    5.462592438847495E-8     2417691.135190636-2870328.236150798i              6799512.186364464
-1.6543612251060553E-24   1.8936295177487544E-7    -5.345153217925148E-8    2974184.6605574875-3157514.95921546i              6843940.5760272695
0                         3.0382501758412077E-7    -4.485991782714857E-8    1811306.1370095566-2832690.7089927485i            7300156.765372999
0                         3.232695709983424E-7     -5.53045889386516E-8     1487060.8159000417-2791231.659106125i             7376669.689022765
3.3087224502121107E-24    2.3887937212247125E-7    -7.0981566033776E-9      2358807.1928533977-3058274.4889997616i            7443632.740763994
0                         2.1590675670731769E-7    1.6443578411235084E-7    3886985.0243667774-2673677.461520638i             8006477.738683288
8.271806125530277E-25     2.0626333866638028E-7    1.6851892779815737E-7    4455374.667910637-2680202.1613250216i             8589236.12617362
8.271806125530277E-25     2.478102917674804E-7     5.7999085052770066E-8    2344871.0647627576-3298514.0055122273i            7073294.523513232
8.271806125530277E-25     2.0848700466590606E-7    1.7050596155886884E-7    4415186.58924035-2319858.349576854i               8858943.838595062
3.3087224502121107E-24    1.8845011221180134E-7    -7.933319908910908E-8    2979520.2038177177-3033660.0049702497i            6872663.3005076945
-1.0587911840678754E-22   0                        -2.184438086758795E-7    7826104.31614764-1645775.3789144624i              8006453.404420637
6.6174449004242214E-24    7.412316040165247E-8     -9.059081845819273E-8    3784443.827042462-3186870.668828192i              5841997.9721263135
0                         1.1222187758084808E-7    -2.0359382100811807E-7   6652317.582913123-2008372.5339837403i             8659887.906886278
-1.6543612251060553E-24   1.6148098076991665E-7    -8.194116355486126E-8    3537087.016273648-3036026.0376937496i             6839475.7683294965
0                         1.1244237034527167E-7    -2.0569679271964817E-7   6795939.89979193-1975614.9222445572i              9033365.535147097
0                         1.114934002831982E-7     -2.0583860403134034E-7   6981252.066636707-1892026.539529943i              9176714.422195604
0                         2.0046547469079038E-7    1.684949217441033E-7     4382392.424694446-2819059.097032209i              8664164.204635838
-3.3087224502121107E-24   1.1811756029585402E-7    1.0937180041687409E-7    4003661.741094155-2976054.787782101i              6607676.38508096
0                         9.892122696120922E-8     2.0811770775040243E-7    6936096.573792142-1915065.249640058i              8628321.367867555
-1.0587911840678754E-22   0                        2.1844380867587958E-7    7847482.34481224-1755524.633445437i               8048950.452560542
8.271806125530277E-25     2.040893509695161E-7     1.7271580831706605E-7    4571991.04611605-2603237.206173923i               9202474.393548965
0                         9.901265081548767E-8     2.086243933096728E-7     6991974.682428008-1871648.378548629i              8801453.580695149
-1.0339757656912846E-25   9.844532377288113E-8     2.0870917300429743E-7    6982848.970837457-1827188.074559771i              8880759.661379926
0                         4.3156852068532967E-7    -9.441573109727262E-8    813236.8105227791-2361232.204822912i              9097237.076570112
3.3087224502121107E-24    4.0481067694876277E-7    -7.106334885445178E-8    866323.0461765939-2307584.252238356i              8739954.527989862
0                         4.0481067694876277E-7    -1.2247503680099905E-7   1110152.4876472354-2240389.452968339i             8479365.100299126
3.3087224502121107E-24    4.2236659387354457E-7    -3.3156600261566373E-7   674277.8895964434-699515.9190316277i              4096820.0788312797
-3.3087224502121107E-24   4.0481067694876277E-7    -3.1657404149144293E-7   778656.0666620963-622123.0920268038i              4431177.24708306
-3.3087224502121107E-24   4.048106769487627E-7     -3.4115748411427057E-7   674382.922112689-563638.32081227i                 3983947.266204295
0                         4.502508420350996E-7     -2.9324605695653366E-7   494493.8813519141-960965.7967367982i              5285320.06563873
0                         4.561468564307357E-7     -2.3347254581814542E-7   741180.4246431057-1526700.714125316i              6881763.9194020135
-3.3087224502121107E-24   4.0481067694876277E-7    -2.218305523870462E-7    1101392.428386518-1417310.8191899483i             6775143.645152571
0                         4.0481067694876277E-7    -2.491234228295679E-7    1167557.3848745609-1322068.5492084692i            6174315.528813426
0                         4.0481067694876277E-7    -1.847936517365227E-7    1193373.9137993997-1858209.0407060913i            7315982.815904868
0                         4.997136481438985E-7     -5.4578163674120465E-8   37543.87557431964-2136171.4782666275i             1.1738853040305922E7
3.3087224502121107E-24    4.489461804632103E-7     -5.6775778379933294E-8   254021.9989455368-2165633.3292377866i             1.0173206200843738E7
3.3087224502121107E-24    4.4989759452706147E-7    -1.6556817874517087E-8   219747.54987186292-2230263.408522304i             1.018088410126995E7
3.3087224502121107E-24    5.064721380278715E-7     -9.25383604059818E-8     33011.83394101969-1969475.6883603176i             1.1415266176526504E7
-3.3087224502121107E-24   4.814698782554942E-7     -7.107843754157303E-8    14723.131434030942-2093768.9735310809i            1.0748844831189347E7
0                         4.0481067694876277E-7    2.3721473678056144E-8    721594.9454585834-2367865.0196269555i             8930470.226131858
-3.3087224502121107E-24   4.0481067694876277E-7    -2.908572125757574E-8    797555.1815051567-2306453.6912826607i             8958601.875811305
0                         4.375981764020514E-7     -1.443441900957181E-7    521238.7162682951-1810790.2271107764i             8816943.194717493
-3.3087224502121107E-24   4.993313195216967E-7     -2.159181114847459E-7    75076.35937543113-1421217.1940248867i             7918866.018137646
0                         5.165759812286529E-7     -1.5276612097377223E-7   7843.911283641141-1814664.9357775562i             1.0687532592553688E7
0                         4.777461392223046E-7     -1.1661254719235383E-7   74612.93303471502-1918863.907027294i              9745057.58110318
1.6543612251060553E-24    6.117018165168023E-7     -2.3743763663215706E-7   -773368.7025529494-1346759.8178105266i            1.1022705070848975E7
-1.6543612251060553E-24   4.569758984411236E-7     -3.472823263841108E-7    437779.520412643-715179.1588706538i               3704853.8796957596
-1.6543612251060553E-24   4.0481067694876277E-7    -3.9919901680121826E-7   511190.59644284734-426119.046360608i              2004910.765506855
3.3087224502121107E-24    5.081525458428524E-7     -3.9970774983858666E-7   -19758.00888533563-229937.0930413284i             2542804.0553981704
3.3087224502121107E-24    4.962314594314798E-7     -4.457236684465527E-7    10837.173285623008-35502.037883401645i            1788143.035533362
3.3087224502121107E-24    4.2957613825231527E-7    -4.457236684465527E-7    41714.411964652405-39127.241797960836i            894391.7966324519
3.3087224502121107E-24    4.0481067694876277E-7    -4.457236684465527E-7    17433.21309652955-56483.742760322915i             1153744.270721114
3.3087224502121107E-24    7.584990733679616E-7     -3.525345509788203E-7    -619388.3976145472-417273.67772379343i            7494811.406098048
1.6543612251060553E-24    6.455923658273635E-7     -2.9779599197226205E-7   -654651.7025922242-889492.3328257032i             8851823.005818753
-1.3234889800848443E-23   6.594171668704031E-7     -4.457236684465528E-7    5680.149281412638-78232.66461259803i              2170375.182365831
0                         7.115433440389336E-7     -4.4572366844655277E-7   -345.2398441197729-39580.957283927884i            2319011.990671941
0                         6.13672952558064E-7      -4.457236684465528E-7    957.3310259766604-28668.250093763443i             1816288.0187715879
0                         5.835703006909465E-7     -3.9683597509188217E-7   10906.974380987756-300397.2859824558i             2587328.7083932585
1.6543612251060553E-24    5.073206154392238E-7     1.6639490242751647E-8    -119191.35655612829-2085866.0387616213i           1.1857431549596328E7
0                         4.872041077290517E-7     5.2308274107395806E-8    118078.75698122637-2130366.2840551585i            1.1432740505271822E7
0                         4.0481067694876277E-7    1.360940974810027E-7     1302519.9686157207-2391201.1450150656i            8252622.484137774
0                         4.0481067694876277E-7    5.720766611629198E-8     760043.1203031146-2344459.3212879794i             8835705.166713003
0                         4.862892861970411E-7     7.59710070016916E-8      178593.58898438647-2169296.1644884935i            1.1290334804563422E7
6.6174449004242214E-24    1.7939660431371156E-7    5.0528916286388705E-9    2693955.453723788-3336710.5470683123i             7022274.240320708
0                         2.459427215263416E-7     5.2736472453813216E-8    2349887.639321592-3122635.6271561384i             6976153.398276266
3.3087224502121107E-24    1.5707454531081041E-7    6.25005572267353E-8      3220503.8037484763-3169313.5080689183i            6524799.466352244
6.6174449004242214E-24    2.1433983851951722E-7    7.1700210684364934E-9    2525328.813785755-3178843.9292444456i             7795601.388985382
0                         2.49260976348461E-7      5.607337329607634E-8     2435885.557476586-3182280.061966293i              6961524.900508421
-1.3234889800848443E-23   6.246188711819906E-7     3.9309164022119866E-8    -1210138.7362472836-1931598.0877542596i           1.7414057860413708E7
0                         5.960440285226311E-7     2.988217108289382E-8     -1126733.9358857956-1948766.804227i               1.632952190364183E7
-1.6543612251060553E-24   5.631430720862984E-7     6.27649824210615E-8      -790651.6107606892-1993259.6650536696i            1.4574053756687135E7
-1.6543612251060553E-24   6.691471139469493E-7     -6.92448852235418E-8     -1467594.612985642-1717799.0420849316i            1.812763871585853E7
-1.6543612251060553E-24   4.4978337932055604E-7    1.5899387636454964E-7    560478.2492065456-1806345.1364815948i             9060583.4246625
0                         5.281021162220563E-7     1.0122790767266414E-7    -424903.28371366096-1924402.2782318098i           1.2152604893834038E7
0                         5.408635932871615E-7     1.6874223547965604E-7    -367858.45466414967-1655218.6157763568i           1.117930683845688E7
0                         5.191967007498003E-7     7.363267056516884E-8     -406540.81265517796-1986596.5232024614i           1.2261609747013131E7
0                         1.2144320308462883E-6    -4.4572366844655277E-7   84086.960296498+121226.4437809807i                2319671.993873941
0                         9.711902279227485E-7     -1.706099099539873E-7    -1762965.3534241796+156547.70354384213i           1.783859896658464E7
5.790264287871194E-24     9.829586933867662E-7     -1.6127963750351202E-7   -1898065.1459836857+274168.2935308381i            1.8460531078956373E7
1.3234889800848443E-23    1.214432030846288E-6     -1.0860767275448962E-7   -677077.7383861785+1749300.536872784i             1.739086526798758E7
1.3234889800848443E-23    9.682376450528536E-7     -1.6514818570509336E-7   -1717622.32177894-94422.15521417547i              1.8016738473488554E7
1.406207041340147E-23     9.726521862409165E-7     -1.6285283285125584E-7   -1739668.2220828738+129323.80262418324i           1.7976902680972625E7
1.6543612251060553E-24    9.626704923717386E-7     -1.6119038765285642E-7   -1913273.9950620367-96965.51730640489i            1.842935441474544E7
1.6543612251060553E-24    9.754909361905512E-7     -1.5889962744497584E-7   -1931261.5118372377+160486.62592696227i           1.820438819894886E7
8.271806125530277E-25     9.387796828040267E-7     -1.92233150566557E-7     -1848098.8942989998-110887.37000577903i           1.6927019634902384E7
6.6174449004242214E-24    8.550869066977325E-7     -3.054656588009247E-8    -2888990.492842636-693276.1168244383i             2.2124710913285445E7
-6.6174449004242214E-24   7.891679577345008E-7     -7.479479087737868E-8    -2168567.901733206-1079566.854349036i             2.0918418766257193E7
1.3234889800848443E-23    7.97048117412347E-7      -6.302097202391355E-9    -2305249.969466409-983700.1887305079i             2.188347180758115E7
6.6174449004242214E-24    7.520580860383995E-7     -1.3288742342409566E-8   -1722084.4231336326-1134509.1201904912i           2.100524828918689E7
0                         7.054127686436632E-7     -1.0157113773708578E-7   -1626166.7949190778-1543654.778015084i            1.894204221438596E7
3.3087224502121107E-24    5.052561387145081E-7     -2.446466948904555E-7    -38953.36953365129-1154609.1777880073i            7294368.345714619
0                         6.247238596707543E-7     -2.5434599037638164E-7   -786352.0142484972-1214908.0041090182i            1.0889165783394925E7
0                         5.214366592560964E-7     -3.381466525268136E-7    5476.579736070969-741253.583854276i               4479912.550118203
-1.6543612251060553E-24   6.30222716919134E-7      -2.3418625134157275E-7   -940003.9884613671-1263481.299858331i             1.1721324620247524E7
6.6174449004242214E-24    5.576046715284379E-7     -1.2432629581684775E-7   -717085.5246369352-1782159.2253805087i            1.309290349464636E7
0                         5.49458049142369E-7      -5.2424835329014184E-8   -693216.563659511-1932066.7270762436i             1.3915692599611655E7
-1.6543612251060553E-24   6.772966468641454E-7     -1.1254496970161925E-7   -1498455.7221218843-1648708.6203774698i           1.8161284234137025E7
0                         7.589645985661259E-7     -1.6652353284211032E-7   -1781711.2687077564-1161993.9286440278i           1.777467167802772E7
0                         7.894428415806573E-7     -2.946914164752046E-7    -1126641.7882153443-777906.7066243801i            1.1153296446323702E7
-1.6543612251060553E-24   6.480993456055181E-7     -2.4946320709047333E-7   -960678.1121903124-1069696.8339249094i            1.1783947856898004E7
1.6543612251060553E-24    6.929039943739884E-7     -1.2131650012357304E-7   -1617165.0855139932-1568381.6297054754i           1.821686908157111E7
1.6543612251060553E-24    6.387782450892036E-7     -2.640761444177972E-7    -841483.2618018214-1068679.6742663248i            1.076659955910465E7
0                         7.742683920110035E-7     -3.156157027512449E-7    -964965.9747386775-753988.7185411907i             9861999.6386189
-3.3087224502121107E-24   5.495370825295924E-7     -3.5901745045618887E-7   -35544.249571968816-531896.1802647582i            4243434.640924936
0                         8.518735131742949E-7     -4.457236684465528E-7    18100.118343683185-10142.269950155014i            3724830.0604436556
0                         8.064277864561567E-7     -3.349980882823954E-7    -871122.5737766577-518606.6685899154i             8877872.784304172
-3.3087224502121107E-24   4.3658923736319153E-7    2.472402499771893E-7     794794.0904645678-1274586.012685588i              6433812.7285137065
0                         4.0481067694876277E-7    2.5753493727551003E-7    919106.024180802-1005201.424692193i               5692867.957077407
0                         4.0481067694876277E-7    2.0714308067700738E-7    1101582.5591868255-1736942.7570012219i            6839845.081332558
-2.6469779601696886E-23   7.245654816930181E-7     6.376431187878918E-8     -2110590.8256348567-1584483.108016905i            2.030064027187161E7
0                         6.930442476933175E-7     5.100816087261462E-8     -1806952.9270498988-1594157.3951451066i           1.9559975619774837E7
1.6543612251060553E-24    6.926043182087825E-7     -8.272410280721334E-8    -1647879.2389506183-1617667.5103208814i           1.8665398922664713E7
0                         4.048106769487628E-7     2.79063042588469E-7      1154934.077301681-1060630.5452731336i             5288215.908171069
3.3087224502121107E-24    4.0481067694876277E-7    3.379968755225224E-7     742202.1629299894-462872.3624137443i              3823792.9167814665
0                         4.7333691249732846E-7    3.3810438509062026E-7    339385.40817145427-562758.5085474446i             3288708.176927905
0                         4.7278923339143395E-7    3.314883455331893E-7     380684.6976788994-655922.472487061i               3479415.780030571
-3.3087224502121107E-24   4.0481067694876277E-7    3.6038578813905066E-7    681849.2813749831-448007.29918093944i             3333403.5193669256
0                         4.0481067694876277E-7    4.099925578214459E-7     435239.0317124396-264258.8971477972i              1627559.050564598
0                         6.509859582013704E-7     1.3255461462843295E-7    -1269398.5195670354-1596738.7689735238i           1.6318419782891858E7
0                         6.705836698145423E-7     1.485399450120071E-7     -1465817.2242335628-1572828.223890918i            1.6733243149289405E7
0                         6.578698432351904E-7     1.5991641382153506E-7    -1239548.1980827656-1509207.5898822462i           1.5854726540431317E7
0                         6.410384686553871E-7     1.6274714920797545E-7    -1168016.239285264-1529927.0830245232i            1.5258692238122668E7
0                         4.788499947104467E-7     3.425026801200342E-7     242450.3240478075-599150.6532107656i              3207225.7512947978
1.6543612251060553E-24    4.2957613825231527E-7    4.457236684465527E-7     -15496.012738155745+43925.892361203405i           832957.6427573846
0                         4.962314594314798E-7     4.457236684465528E-7     -10837.173285622644+35502.03788340138i            1796615.9980482962
-6.6174449004242214E-24   5.643604176755028E-7     2.482016625425285E-7     -499480.46444404504-1090132.7414633245i           8970602.333740873
0                         6.526453161246262E-7     1.8190332702945102E-7    -1065450.6352744098-1438153.7755851932i           1.4912077815239703E7
6.6174449004242214E-24    6.41117934249498E-7      2.923429392833327E-7     -728495.157132834-930924.5403904393i              9349992.671784464
-6.6174449004242214E-24   5.761765813329171E-7     2.9910786931305563E-7    -485635.02161305374-861529.1725615672i            7744921.757259091
0                         4.820829262188099E-7     3.355042066868296E-7     290990.39303757704-719687.0898700784i             3499205.3667318057
0                         4.211107416564642E-7     1.7500732835666212E-7    1036852.9871908607-2151636.6266831374i            8100271.856814772
3.3087224502121107E-24    4.0481067694876277E-7    1.622613169736564E-7     1699389.9525290108-2896867.12122493i              8679963.041822102
0                         5.122042016630905E-7     2.1271907331504992E-7    24943.704286084645-1349808.0520432368i            8776735.96257696
0                         4.786782271399676E-7     3.345049319927811E-7     316799.9370682551-682803.853816214i               3333341.2797401994
6.6174449004242214E-24    9.170441589635832E-7     1.3913097951325565E-7    -1955243.4513918303-280522.32831076987i           1.8915795595651902E7
1.6543612251060553E-23    8.840109665589397E-7     1.555873715367559E-7     -1906785.1502800288-292640.1391894074i            1.8834601295203667E7
0                         7.191376553515902E-7     1.6671927879709242E-7    -1485175.690691721-1293182.3144309395i            1.6755631652250687E7
-6.6174449004242214E-24   8.582082660181202E-7     2.0329463399612063E-7    -1640076.537518707-329173.7484746299i             1.6816393867601488E7
1.9852334701272664E-23    9.168045775200016E-7     1.838839511341664E-7     -1762185.2271931928-274554.9233165703i            1.785953843774055E7
-1.3234889800848443E-23   8.947124546920311E-7     2.1609288361610416E-7    -1402238.238946499-152608.2366275306i             1.6702491406137533E7
5.293955920339377E-23     1.2144320308462883E-6    1.3163477256883595E-7    -998381.4699222401+1519010.5780755535i            1.7923189308192294E7
0                         1.2144320308462883E-6    4.4572366844655277E-7    458072.06423683465+90538.66413058665i             2939722.2148453114
-6.6174449004242214E-24   1.2047294125653607E-7    -5.4177059992643494E-8   3741418.4853991503-3111618.7547926i               6787288.444223486
0                         2.429292671279745E-7     5.948826477865517E-8     2431602.2616133937-3179644.009215201i             7232682.45303729
6.6174449004242214E-24    0                        4.436886207510373E-8     3780802.562743895-3231521.3898786497i             5493535.126592528
6.6174449004242214E-24    5.812045785468935E-8     -2.552427027151395E-9    3792744.765540708-3137025.760808387i              6709640.378641749
6.6174449004242214E-24    0                        -4.436886207510373E-8    3777945.917998851-3170450.20127322i               5503821.292734862
0                         7.655579962140228E-8     6.542684884060526E-8     3891889.0951544857-2991803.5468382556i            6254028.040071684
0                         6.866435007000858E-7     -1.0938876761640242E-7   -1674493.7354585757-1642819.119629757i            1.8408974814608555E7
0                         4.771927731982387E-7     3.36489827235441E-7      305887.69581434724-634120.2088599092i             3378360.406462985
3.3087224502121107E-24    4.0481067694876277E-7    4.457236684465527E-7     -17433.21309652953+56483.742760323126i            1132100.457606779
0                         6.651249287303628E-7     1.6790702109120413E-7    -1182831.7957440298-1538926.5414928189i           1.5947585852651233E7
4.1359030627651384E-25    4.867723564772883E-7     3.418091714985628E-7     204667.54620581944-656884.5732420986i             3251101.798094891
-6.6174449004242214E-24   6.136729525580642E-7     4.457236684465528E-7     -34170.186145271604+55220.18638452949i            1889814.7722956
0                         6.881616988740355E-7     3.978295959370143E-7     -174144.1772599303-244212.63457153414i            4284275.105429077
6.6174449004242214E-24    6.594171668704033E-7     4.457236684465528E-7     121350.81373324619-100982.21036626975i            2347358.854828645
6.6174449004242214E-24    6.400077995513397E-7     4.145395176181685E-7     42574.20281377704-141919.73826798462i             2714990.5037923343
6.6174449004242214E-24    7.115433440389337E-7     4.457236684465528E-7     345.2398441197438+39580.9572839279i               2346376.8633401673
0                         6.653123572430028E-7     1.7967980069664388E-7    -1161578.2926318748-1538916.6851132289i           1.5315355696135517E7
6.6174449004242214E-24    7.079823640439226E-7     3.146782694854729E-7     -877526.1598018544-718762.1503791556i             9334983.764379509
0                         8.518735131742948E-7     4.457236684465527E-7     -28920.090855149803-84413.2388749926i             3942175.1578234867
0                         7.868661569218205E-7     3.7218715107475933E-7    -332223.71479277266-373448.5586266381i            6576371.226857711
-3.3087224502121107E-24   3.713163589710846E-7     2.28719275193699E-8      241115.08271882753-863720.4260430962i             7649468.09760456
0                         3.258812924319995E-7     4.569473248067654E-8     450883.8048351155-698864.9113245301i              6550681.746038587
3.3087224502121107E-24    3.341587528859366E-7     2.3248404524220318E-23   182077.02518416397-419145.545132983i              6462420.646061954
0                         3.67742134455443E-7      -2.622766939059858E-9    91121.85764513371+61936.59752215548i              7637200.000879879
-3.3087224502121107E-24   4.0481067694876277E-7    -2.908572125757574E-8    62367.51962960074-291423.47232308285i             8595810.976050325
1.6543612251060553E-24    3.349284580711162E-7     -4.838043261769996E-8    303598.60585668095-430939.3355679157i             6823473.950063651
8.271806125530277E-25     3.251713317899763E-7     -4.5402139950156244E-8   182955.0021751715-407387.29512709373i             6395171.776445296
0                         3.2584904163317056E-7    5.4761703028297576E-8    258985.88515002327-461106.81555061426i            6813704.705133877
0                         3.24970696555981E-7      5.0869258428683064E-8    232076.7860808693-461022.486416415i               6628700.7917366205
0                         3.221038368927431E-7     5.584714369209338E-8     366300.41487396666-547144.3059097952i             6690827.869449572
0                         3.905486564586962E-7     1.5070927513429238E-7    468840.84833919944-708775.671311076i              7847263.223575014
-1.6543612251060553E-24   3.695278543888481E-7     1.425007216743512E-7     743529.8249126653-1009229.3848618377i             7568341.243352588
-3.3087224502121107E-24   2.951442792554136E-7     1.024258598957873E-7     928192.0016308349-1269987.00614722i               7039707.149059408
0                         4.0481067694876277E-7    5.720766611629198E-8     173169.8649379822-524715.5591642205i              8460262.033011936
-8.271806125530277E-25    3.3156828818064024E-7    5.3161048325825355E-8    374771.65021448955-555442.089687281i              6870874.175200276
-3.3087224502121107E-24   3.538787295229262E-7     -1.2398315886083805E-7   961492.3384067025-1614594.0063050361i             7790259.254614373
0                         4.0481067694876277E-7    -1.2247503680099905E-7   248751.02659637993-354686.141031758i              8029312.352897449
8.271806125530277E-25     3.3638825816599775E-7    -6.395905135374167E-8    315942.8201291856-453122.35532435495i             6922230.8587421775
0                         3.182396563385692E-7     -6.343381124083152E-8    557418.1376931192-919253.1570445293i              6696002.793452549
3.3087224502121107E-24    2.873933361043472E-7     -1.114077343861201E-7    1046110.8076233404-1309939.0097488347i            7242726.256658298
-3.3087224502121107E-24   3.015852552501473E-7     -1.6685527697298306E-7   1396190.3941955026-1203092.8134954371i            8712488.06730838
0                         3.232695709983424E-7     -5.53045889386516E-8     248751.08547878035-603216.0054616185i             6605525.406832934
-3.3087224502121107E-24   2.623301555560212E-7     -1.838422404158222E-7    2747566.6960241594-1658996.074284876i             9192645.828671644
0                         2.1845653395423077E-7    -1.6518554386307116E-7   3043757.3920220905-2078888.4751245726i            8431720.618847666
3.3087224502121107E-24    2.4663417250518805E-7    -1.4426116112124456E-7   2699997.5926803797-1975762.1521260892i            8041553.73724355
-3.3087224502121107E-24   3.0650930569558767E-7    -2.1794848318051102E-7   1462266.3281105168-707388.9129737762i             9977109.789795328
3.3087224502121107E-24    2.470772530883222E-7     -2.3543370847644549E-7   3682498.6414518114-1178010.4562776585i            1.0119985025692299E7
0                         2.2069103669620642E-7    -2.2885546097923546E-7   4182068.037957686-1373568.9517527209i             1.0010068481557986E7
8.271806125530277E-25     1.9445774481720757E-7    -2.8327782105937676E-7   4746620.618147143-770763.1269159521i              9740552.128283735
0                         1.183621861921214E-7     -2.078816710009919E-7    6317398.239746951-2041822.4876648192i             8769674.249635525
-1.0339757656912846E-25   1.1513907745767914E-7    -2.0461885748524736E-7   6329209.356406813-2073992.2424435292i             8674959.79696392
0                         3.0257191062034473E-7    1.576897610256885E-7     1436138.1216688494-1012959.4912722032i            8117439.030207146
0                         2.1731686092286983E-7    1.7520511471491508E-7    3533486.691122115-2061497.9329069864i             8502309.094888834
-3.3087224502121107E-24   3.111376090332974E-7     2.2109966464668137E-7    1684568.0206852613-1035018.6464024362i            9048386.444042506
0                         2.1590675670731769E-7    1.6443578411235084E-7    3023434.3428923693-2098300.5391922705i            7675611.137365169
-1.6543612251060553E-24   3.7398138207890795E-7    1.7497596113962513E-7    934533.1065856814-865921.0621254169i              8006917.922589817
8.271806125530277E-25     2.0848700466590606E-7    1.7050596155886884E-7    3728656.4475518074-2301916.414937472i             8904978.770451026
0                         1.610450647624651E-7     -3.1113300659520074E-7   5060262.840875758-449655.47949106345i             9178966.452946987
0                         1.1244237034527167E-7    -2.0569679271964817E-7   6807555.122860963-1954956.1406548882i             9220989.630298998
0                         1.5542147801101528E-7    -3.257577205699684E-7    5106190.56128595-113023.47906952539i              9092578.617103042
0                         1.1210284432675364E-7    -2.0657976494489885E-7   6968633.264219193-1837423.2960520997i             9440222.529559027
0                         0                        -3.3208373856121613E-7   7285232.788282883+182124.19374512654i             7352841.331634966
-1.0587911840678754E-22   0                        -2.184438086758795E-7    7949244.047477974-1536805.5496605695i             8165359.368763303
0                         1.114934002831982E-7     -2.0583860403134034E-7   6595626.641704278-1847765.502129469i              9136263.479762483
-8.271806125530277E-25    2.043848287327706E-7     3.01824057255159E-7      4895542.91043896-206709.36443448497i              9994412.821598481
0                         9.901265081548767E-8     2.086243933096728E-7     7108082.01006857-1797112.973625126i               8980089.883588195
8.271806125530277E-25     2.040893509695161E-7     1.7271580831706605E-7    3684988.914949348-2147394.565870821i              9083895.942346955
8.271806125530277E-25     2.0806462318456905E-7    1.7420550492035314E-7    3836458.5841608783-2176392.3672066885i            9219353.831493564
-8.271806125530277E-25    2.0890160161240936E-7    3.0351667623886993E-7    4556938.285421062-236561.04134867605i             9670723.148082152
-8.271806125530277E-25    2.0375301438726548E-7    3.067090812444527E-7     4844355.786472385-389764.79519494885i             1.0167349551702756E7
-1.0339757656912846E-25   9.89591295183069E-8      2.0903820604204621E-7    7145303.5232526595-1845655.5503597155i            9085913.451551948
-1.0339757656912846E-25   9.844532377288113E-8     2.0870917300429743E-7    6854838.9821143085-1939978.2185872265i            8864870.098445725
-1.0587911840678754E-22   0                        2.1844380867587958E-7    8243741.041486487-1635378.7632788136i             8410279.89615996
0                         9.688521219864761E-8     3.184452727390873E-7     6958898.402503026-110643.26301635246i             8750665.331639383
0                         9.940305354074083E-8     3.2005765833954787E-7    6645985.797246031-42654.02374200745i              8464728.70939472
1.6543612251060553E-24    2.975031488633426E-7     -2.9339614738355517E-7   1889749.5799700916-365009.95715768787i            7951994.793346563
6.6174449004242214E-24    2.917936601563077E-7     -3.1736775741026994E-7   1855463.0280642735-240115.46708847312i            7751081.2046876075
0                         3.1858335174886756E-7    -3.122210637167122E-7    1719308.8554436848-499383.2910954494i             6881035.842304913
3.3087224502121107E-24    3.005644256617372E-7     -3.2556268764508506E-7   1836726.6371245638-367797.89050078846i            7142756.693798567
4.963083675318166E-24     2.889914814077966E-7     -3.3208997454653474E-7   2043647.0443721502-420137.2306124324i             7318730.7847057255
1.6543612251060553E-24    3.005211138875588E-7     -4.339063223617766E-7    73984.75901041817+112686.00502200611i             3856769.9008231745
1.6543612251060553E-24    3.040417081880036E-7     -4.457236684465528E-7    -31787.577178746094-11074.83925081775i            3061808.9671695204
3.3087224502121107E-24    3.1575663290721403E-7    -4.457236684465528E-7    81474.61329038693-58061.46685632607i              3361125.6256334647
1.6543612251060553E-24    3.1493360207967284E-7    -4.239959674058959E-7    161829.59589177457+74622.41079626532i             4260575.806688791
1.6543612251060553E-24    3.555500665578169E-7     -4.4572366844655277E-7   10991.089727975506-49525.37783655566i             2304066.0543365167
0                         2.1400389587682244E-7    -4.457236684465527E-7    45364.88422178701+5450.85761747i                  3369478.7069223407
0                         2.1611376013759174E-7    -4.1265784208138033E-7   960841.3101643662-191806.0116512305i              4468538.93156498
3.3087224502121107E-24    4.0481067694876277E-7    -7.106334885445178E-8    142525.93455793324-441439.77632689127i            8332179.445711986
0                         4.0481067694876277E-7    2.3721473678056144E-8    147007.68785907686-490903.68169430457i            8625730.434965251
6.6174449004242214E-24    3.8331229340881396E-7    -3.394459883762836E-7    286894.2395137631+52836.277654576275i             4348222.4801494945
-1.6543612251060553E-24   4.0481067694876277E-7    -3.9919901680121826E-7   225092.63551623374-143762.68333186986i            1944032.1649148434
-3.3087224502121107E-24   4.048106769487627E-7     -3.4115748411427057E-7   368919.376667165-235743.4471936486i               3865438.486558145
-3.3087224502121107E-24   4.0481067694876277E-7    -3.1657404149144293E-7   146492.8770485739-57676.29663111969i              4292514.684450207
0                         3.624841859934109E-7     -2.1742384376173693E-7   789071.7398382501-154658.34446197227i             7574243.641657879
0                         4.0481067694876277E-7    -2.491234228295679E-7    271668.9265949793-453218.4613542754i              5889185.0112984
-3.3087224502121107E-24   4.0481067694876277E-7    -2.218305523870462E-7    401643.7857392435-497542.22223052254i             6508096.625358196
0                         4.0481067694876277E-7    -1.847936517365227E-7    432550.1884331987-334310.72795984143i             6954222.466460221
3.3087224502121107E-24    4.0481067694876277E-7    -4.457236684465527E-7    -28259.726919091576+19520.202821275114i           1150922.6436101466
0                         4.0481067694876277E-7    1.360940974810027E-7     350648.528433665-428762.6829180909i               7867256.051015443
0                         2.2749097318003724E-7    -2.457370449823213E-7    4070153.9986075447-1234069.7036248688i            1.0904029063835911E7
-3.3087224502121107E-24   2.3413233341041154E-7    -2.543701145832266E-7    3943245.6392011694-1182520.1570705592i            1.0341808712593239E7
-8.271806125530277E-25    2.3440395028456402E-7    -3.2236736814764417E-7   3188975.2332369816-317272.7925101242i             8141333.391259071
0                         1.5993522287077374E-7    -3.380866968469554E-7    4513576.0248750355+215499.97208351284i            8760973.849386774
0                         1.6759313036861802E-7    -3.2612549477155674E-7   4583265.251111992-83512.65633838916i              8829260.103823157
0                         1.8911699668253973E-7    -4.419077192662658E-7    227678.1315230169-104466.40043736235i             3050270.290807591
0                         1.8667391565649347E-7    -4.457236684465527E-7    -193210.4475597258+28035.528645719696i            2834542.2949956334
0                         1.913342646905239E-7     -4.457236684465527E-7    20143.481806953056-27758.579445783856i            2654897.489726656
-1.6543612251060553E-24   1.396310857758312E-7     -3.5782484311461526E-7   3551974.1420206577+163339.63094227345i            7773278.091604702
-3.3087224502121107E-24   7.611575413599851E-8     -4.457236684465527E-7    102574.71415567154+78567.06639253067i             1819987.3866544252
8.271806125530277E-25     1.7748454918846015E-7    -4.457236684465527E-7    -47660.12904879105+60847.90284216971i             2943103.144857579
0                         0                        -4.4572366844655277E-7   -41724.4679310115+84236.39092902649i              94840.94255235442
3.3087224502121107E-24    3.2009757832018636E-7    3.2677928377364126E-7    1442153.9916558983-372754.7216626345i             6381651.072702799
-3.3087224502121107E-24   3.0619600246222623E-7    3.3486896995387694E-7    1499162.6004495758-248119.76770306553i            6586079.284088814
-4.963083675318166E-24    3.0383053908689365E-7    3.1660022825710494E-7    1582490.9053002414-205574.48005643772i            7213284.1237053275
-8.271806125530277E-25    2.192539704550321E-7     2.947657511655832E-7     4032859.5154108778-692635.7023991753i             9243080.689258458
0                         2.3837125222619716E-7    3.146040095279286E-7     3319378.520918627-359031.32175278995i             8516969.15583343
-3.3087224502121107E-24   2.987758188315725E-7     3.49862275930646E-7      1781959.7070933497-439869.9209482148i             6441663.906903684
3.3087224502121107E-24    4.0481067694876277E-7    1.622613169736564E-7     114098.90490268033-20340.571877912542i            7938493.868340318
6.6174449004242214E-24    3.7922861640659704E-7    2.5872567663945717E-7    404034.23314424645+94344.85348074147i             6241370.629911368
0                         4.0481067694876277E-7    2.5753493727551003E-7    535231.3470483874-381598.30235798686i             5510346.1065678205
0                         4.0481067694876277E-7    2.0714308067700738E-7    335329.85924254026-213787.92410147077i            6543707.603407559
0                         4.048106769487628E-7     2.79063042588469E-7      362522.0092377428-340781.5867191058i              5020166.7597362995
3.3087224502121107E-24    4.0481067694876277E-7    3.379968755225224E-7     154333.33053873954-60463.84941287021i             3705198.224460624
-3.3087224502121107E-24   3.784650435248287E-7     3.533711258179332E-7     259099.71278099425+75574.10332613869i             3958821.3659853428
-3.3087224502121107E-24   4.0481067694876277E-7    3.6038578813905066E-7    306483.00234683015-147884.9602182909i             3233444.304193067
8.271806125530277E-25     2.1870583030792516E-7    4.1491011538750973E-7    857767.9947490154-162575.27856077i                4311490.450150279
3.3087224502121107E-24    3.3029999519553334E-7    4.308186424710969E-7     80644.23644487133+78956.57037373341i              3712922.1503868965
0                         3.157566329072141E-7     4.4572366844655277E-7    75022.58168973018+59458.10191543467i              3529899.777431348
0                         3.555500665578171E-7     4.457236684465527E-7     -8874.249675511763+22534.112181198114i            2332212.8965265388
0                         2.140038958768217E-7     4.4572366844655277E-7    14984.820916924371-12916.478998149783i            3234108.2196549326
-1.6543612251060553E-24   3.040417081880036E-7     4.4572366844655277E-7    114453.02570550916+29523.872936298474i            3404348.7937712832
-6.6174449004242214E-24   3.1346570626984056E-7    4.252272709540098E-7     163177.93864563102+192198.5183534639i             4118187.667729716
0                         4.0481067694876277E-7    4.099925578214459E-7     170517.67439059215-121069.72124813539i            1553778.2076588
-8.271806125530277E-25    2.0391193386512348E-7    3.133088118671505E-7     4487700.346789908-397431.18118819676i             1.0163724644272193E7
0                         1.866739156564935E-7     4.4572366844655277E-7    -28820.29210567781+57418.53669327875i             3032874.734979118
0                         9.946902311506326E-8     3.227972936925604E-7     6539604.992881307-161132.59220304692i             8264524.685586217
1.0587911840678754E-22    0                        3.320837385612162E-7     6987118.04079449+16615.877465806436i              7046147.281742872
0                         9.754913313934993E-8     3.27493234507198E-7      6303249.890283446-90875.95262944869i              8200982.138536056
3.3087224502121107E-24    7.611575413599854E-8     4.457236684465528E-7     77368.7920066045-48344.87950775501i               1667131.6133461848
0                         1.7748454918846047E-7    4.4572366844655277E-7    47660.12904878972-60847.90284216949i              3054405.6500334702
0                         0                        4.4572366844655277E-7    41724.46793101131-84236.39092902657i              94840.94255235439
-8.271806125530277E-25    2.101473059029679E-7     3.08022941317334E-7      4559183.22799225-461777.23898420687i              9755209.610067366
0                         1.9134251536632702E-7    4.4176598740277313E-7    222855.11345753475-40911.30158717261i             3105728.278743702
3.3087224502121107E-24    4.0481067694876277E-7    4.457236684465527E-7     28259.726919091238-19520.202821274706i            1129119.5080488888
0                         1.913342646905238E-7     4.4572366844655277E-7    -20143.481806952783+27758.57944578369i            2816889.459196129
0                         9.688521219864761E-8     3.206212832158238E-7     6875121.359761518-227637.0037590078i              8646884.340396212
