0.000000000000000E0                               1.690707290550386E2+2.028386937495433E1i          1.690707290550386E2                               4.167615308738877E0
0.000000000000000E0                               1.690827047386021E2+2.029213677808078E1i          1.690827047386021E2                               4.166212424736916E0
0.000000000000000E0                               1.712824575284715E2+2.624231515720907E1i          1.712824575284715E2                               3.263478403151068E0
0.000000000000000E0                               1.714215432430676E2+2.646817363257988E1i          1.714215432430676E2                               3.238257871938386E0
0.000000000000000E0                               1.808164827035827E2+2.710717498373349E1i          1.808164827035827E2                               3.335214436991079E0
0.000000000000000E0                               1.832978214601059E2+2.732493323676760E1i          1.832978214601059E2                               3.354039694660004E0
0.000000000000000E0                               1.841448546066985E2+2.906419923643037E1i          1.841448546066985E2                               3.167898298327846E0
0.000000000000000E0                               1.862363716481529E2+1.986537613257383E1i          1.862363716481529E2                               4.687461500987535E0
0.000000000000000E0                               1.862511410329820E2+1.987921846679839E1i          1.862511410329820E2                               4.684568997117579E0
0.000000000000000E0                               1.897444937685712E2+2.547267389573527E1i          1.897444937685712E2                               3.724471458026615E0
0.000000000000000E0                               1.897525300664075E2+2.537655453340894E1i          1.897525300664075E2                               3.738737065675977E0
0.000000000000000E0                               2.001112006163553E2+2.859148183930954E1i          2.001112006163553E2                               3.499489843531450E0
0.000000000000000E0                               2.009567351650904E2+2.918151809122039E1i          2.009567351650904E2                               3.443219344122311E0
0.000000000000000E0                               2.033035126444903E2+1.952393322735832E1i          2.033035126444903E2                               5.206520383905201E0
0.000000000000000E0                               2.033204682011399E2+1.954476015009896E1i          2.033204682011399E2                               5.201406070979860E0
0.000000000000000E0                               2.033888269222011E2+2.872658341558302E1i          2.033888269222011E2                               3.540080349615660E0
0.000000000000000E0                               2.046435541832933E2+2.732139368121914E1i          2.046435541832933E2                               3.745115578125984E0
0.000000000000000E0                               2.081189446054501E2+2.456072056880021E1i          2.081189446054501E2                               4.236824893277485E0
0.000000000000000E0                               2.081583792811525E2+2.450738297118349E1i          2.081583792811525E2                               4.246850419033139E0
0.000000000000000E0                               2.202693217141063E2+1.924219928382073E1i          2.202693217141063E2                               5.723600469602082E0
0.000000000000000E0                               2.202899052879926E2+1.927127378579669E1i          2.202899052879926E2                               5.715499342092026E0
0.000000000000000E0                               2.220644339613388E2+2.818199714101361E1i          2.220644339613388E2                               3.939827842047534E0
0.000000000000000E0                               2.221877748124866E2+2.194601871435899E1i          2.221877748124866E2                               5.062143109062241E0
0.000000000000000E0                               2.226857962236365E2+2.892954260530562E1i          2.226857962236365E2                               3.848761096257297E0
0.000000000000000E0                               2.261835491302647E2+2.666993376279886E1i          2.261835491302647E2                               4.240422026202436E0
0.000000000000000E0                               2.264359579577333E2+2.380525920504795E1i          2.264359579577333E2                               4.756006981636168E0
0.000000000000000E0                               2.264944827421373E2+2.377395843125449E1i          2.264944827421373E2                               4.763499595514893E0
0.000000000000000E0                               2.315984939053116E2+3.017541035456729E1i          2.315984939053116E2                               3.837536775539779E0
0.000000000000000E0                               2.371616358552718E2+1.900463487799751E1i          2.371616358552718E2                               6.239573592909277E0
0.000000000000000E0                               2.371831578024038E2+1.904297301361548E1i          2.371831578024038E2                               6.227576902850752E0
1.000000000000000E-1                              1.669692814794678E2+2.938549232812717E1i          1.669692814794678E2                               2.841015553100814E0
1.000000000000000E-1                              1.672006388177659E2+2.047171573436707E1i          1.672006388177659E2                               4.083698723333589E0
1.000000000000000E-1                              1.737315842722568E2+1.910346943782935E1i          1.737315842722568E2                               4.547121266052007E0
1.000000000000000E-1                              1.762756456356856E2+2.335886854937496E1i          1.762756456356856E2                               3.773205993755259E0
1.000000000000000E-1                              1.840439650104199E2+2.621483977059943E1i          1.840439650104199E2                               3.510301161879114E0
1.000000000000000E-1                              1.846884110739270E2+1.998343254286349E1i          1.846884110739270E2                               4.621038219479543E0
1.000000000000000E-1                              1.862813406041069E2+2.694374976804448E1i          1.862813406041069E2                               3.456856269223487E0
1.000000000000000E-1                              1.864917590299752E2+2.530338382442643E1i          1.864917590299752E2                               3.685115009201788E0
1.000000000000000E-1                              1.866139906735368E2+3.310880430995756E1i          1.866139906735368E2                               2.818192842702751E0
1.000000000000000E-1                              1.904593863830242E2+1.894706384733197E1i          1.904593863830242E2                               5.026092378156093E0
1.000000000000000E-1                              1.945210920452118E2+2.316008913457991E1i          1.945210920452118E2                               4.199489279054109E0
1.000000000000000E-1                              2.006326914645229E2+3.451192177967216E1i          2.006326914645229E2                               2.906715724864348E0
1.000000000000000E-1                              2.019892887211692E2+1.960334926378529E1i          2.019892887211692E2                               5.151907615458314E0
1.000000000000000E-1                              2.034204070204764E2+2.643636832619906E1i          2.034204070204764E2                               3.847359147642116E0
1.000000000000000E-1                              2.053521820632577E2+3.039488741819920E1i          2.053521820632577E2                               3.378071108437489E0
1.000000000000000E-1                              2.053713522572195E2+2.540088410560517E1i          2.053713522572195E2                               4.042602442564206E0
1.000000000000000E-1                              2.071559132104960E2+1.879408993129458E1i          2.071559132104960E2                               5.511198306696262E0
1.000000000000000E-1                              2.073525652946175E2+2.517160792976120E1i          2.073525652946175E2                               4.118778702441531E0
1.000000000000000E-1                              2.126001585149237E2+2.283524751882476E1i          2.126001585149237E2                               4.655087673993064E0
1.000000000000000E-1                              2.188252263698248E2+3.259636112026558E1i          2.188252263698248E2                               3.356589797898919E0
1.000000000000000E-1                              2.191330461407075E2+1.929825306551161E1i          2.191330461407075E2                               5.677535821424312E0
1.000000000000000E-1                              2.238086657669938E2+1.865367431483584E1i          2.238086657669938E2                               5.999050428070137E0
1.000000000000000E-1                              2.240403374121616E2+2.151020821965667E1i          2.240403374121616E2                               5.207767752044047E0
1.000000000000000E-1                              2.241935353103044E2+2.432470863646686E1i          2.241935353103044E2                               4.608349860647463E0
1.000000000000000E-1                              2.263556267934939E2+2.563125492084017E1i          2.263556267934939E2                               4.415617329166536E0
1.000000000000000E-1                              2.286319692857794E2+2.612564353963296E1i          2.286319692857794E2                               4.375623684426023E0
1.000000000000000E-1                              2.305825050514614E2+2.249354021142359E1i          2.305825050514614E2                               5.125527215461563E0
1.000000000000000E-1                              2.337309830088710E2+3.143841803525712E1i          2.337309830088710E2                               3.717282828079161E0
1.000000000000000E-1                              2.361632314878110E2+1.904845916169051E1i          2.361632314878110E2                               6.199011413027383E0
1.000000000000000E-1                              2.404312087885962E2+1.852356365413574E1i          2.404312087885962E2                               6.489874553240068E0
2.000000000000000E-1                              1.646712490648494E2+1.990381476547417E1i          1.646712490648494E2                               4.136675582172662E0
2.000000000000000E-1                              1.647758533990427E2+1.719648322049318E1i          1.647758533990427E2                               4.790975319961873E0
2.000000000000000E-1                              1.676488711340637E2+2.156048297997872E1i          1.676488711340637E2                               3.887873738490556E0
2.000000000000000E-1                              1.681893307543335E2+2.630717304963204E1i          1.681893307543335E2                               3.196643942642974E0
2.000000000000000E-1                              1.686412044875339E2+1.926778961656267E1i          1.686412044875339E2                               4.376246778783834E0
2.000000000000000E-1                              1.809129486015364E2+1.740975753482281E1i          1.809129486015364E2                               5.195734295543067E0
2.000000000000000E-1                              1.834298464822400E2+2.063138067355963E1i          1.834298464822400E2                               4.445408898816852E0
2.000000000000000E-1                              1.846688888493025E2+3.217891884946212E1i          1.846688888493025E2                               2.869407914436336E0
2.000000000000000E-1                              1.847004073972134E2+2.541850178244372E1i          1.847004073972134E2                               3.633188316488108E0
2.000000000000000E-1                              1.861567780541183E2+1.905908119724409E1i          1.861567780541183E2                               4.883676608740098E0
2.000000000000000E-1                              1.908960628040076E2+2.372812395821933E1i          1.908960628040076E2                               4.022569654898528E0
2.000000000000000E-1                              1.929259721078441E2+2.234669966193687E1i          1.929259721078441E2                               4.316654696810887E0
2.000000000000000E-1                              1.970948047046687E2+1.753637262942169E1i          1.970948047046687E2                               5.619600155336354E0
2.000000000000000E-1                              2.003290336699925E2+3.099263194006054E1i          2.003290336699925E2                               3.231881597816973E0
2.000000000000000E-1                              2.012504058258943E2+2.082976288008720E1i          2.012504058258943E2                               4.830837657261220E0
2.000000000000000E-1                              2.034451803241311E2+1.886584945108953E1i          2.034451803241311E2                               5.391890273787324E0
2.000000000000000E-1                              2.048081956429453E2+2.438378256988350E1i          2.048081956429453E2                               4.199680567524101E0
2.000000000000000E-1                              2.093884114370789E2+2.375318398732634E1i          2.093884114370789E2                               4.407586190314516E0
2.000000000000000E-1                              2.120405115470236E2+3.193699297427946E1i          2.120405115470236E2                               3.319669320743362E0
2.000000000000000E-1                              2.126887720855801E2+2.866883467900915E1i          2.126887720855801E2                               3.709407348902593E0
2.000000000000000E-1                              2.133104411321248E2+1.760800670121475E1i          2.133104411321248E2                               6.057200134908196E0
2.000000000000000E-1                              2.134954722611502E2+2.252838067004223E1i          2.134954722611502E2                               4.738367026642356E0
2.000000000000000E-1                              2.189284419314944E2+2.087775102504013E1i          2.189284419314944E2                               5.243104050549277E0
2.000000000000000E-1                              2.205578948830696E2+1.869190790507698E1i          2.205578948830696E2                               5.899822960907137E0
2.000000000000000E-1                              2.241530428343032E2+2.356010473894131E1i          2.241530428343032E2                               4.757046823815940E0
2.000000000000000E-1                              2.286793227796984E2+1.958584981501347E1i          2.286793227796984E2                               5.837870833779317E0
2.000000000000000E-1                              2.295409886416994E2+1.764726977944633E1i          2.295409886416994E2                               6.503583599913126E0
2.000000000000000E-1                              2.321947760903767E2+2.316911261135329E1i          2.321947760903767E2                               5.010868995832776E0
2.000000000000000E-1                              2.341784985733091E2+2.412423130523610E1i          2.341784985733091E2                               4.853595035015298E0
2.000000000000000E-1                              2.375464687536797E2+1.853978337877232E1i          2.375464687536797E2                               6.406398173607185E0
3.000000000000000E-1                              1.670593222802536E2+2.038928335020118E1i          1.670593222802536E2                               4.096743358039732E0
3.000000000000000E-1                              1.678805555278924E2+2.057318516498370E1i          1.678805555278924E2                               4.080081771043191E0
3.000000000000000E-1                              1.739655768677600E2+1.695289240218517E1i          1.739655768677600E2                               5.130852386149059E0
3.000000000000000E-1                              1.748529265858309E2+1.690138013306698E1i          1.748529265858309E2                               5.172741078219320E0
3.000000000000000E-1                              1.750285566810624E2+1.504361794822222E1i          1.750285566810624E2                               5.817369109062838E0
3.000000000000000E-1                              1.778135857083354E2+1.817667899162986E1i          1.778135857083354E2                               4.891256147237246E0
3.000000000000000E-1                              1.778219203105600E2+2.128247662010239E1i          1.778219203105600E2                               4.177660417176214E0
3.000000000000000E-1                              1.881721409637713E2+2.131819481216417E1i          1.881721409637713E2                               4.413416394346865E0
3.000000000000000E-1                              1.901684563199772E2+2.279215766606056E1i          1.901684563199772E2                               4.171795823507180E0
3.000000000000000E-1                              1.904215189172197E2+1.553347623709632E1i          1.904215189172197E2                               6.129391644558734E0
3.000000000000000E-1                              1.909877427835860E2+1.724923046984508E1i          1.909877427835860E2                               5.536123571352030E0
3.000000000000000E-1                              1.928788318151485E2+1.802571734503556E1i          1.928788318151485E2                               5.350101416858981E0
3.000000000000000E-1                              1.993064137508903E2+2.002561395606527E1i          1.993064137508903E2                               4.976287223656514E0
3.000000000000000E-1                              2.018023394119088E2+1.918721382213528E1i          2.018023394119088E2                               5.258771317258684E0
3.000000000000000E-1                              2.059503430102675E2+1.590198062483719E1i          2.059503430102675E2                               6.475619228481362E0
3.000000000000000E-1                              2.078938859890547E2+1.741193714488579E1i          2.078938859890547E2                               5.969866656970932E0
3.000000000000000E-1                              2.079105295380324E2+2.156958055428943E1i          2.079105295380324E2                               4.819531121959772E0
3.000000000000000E-1                              2.091904407336272E2+2.365128893067729E1i          2.091904407336272E2                               4.422389861008661E0
3.000000000000000E-1                              2.100524655996627E2+1.852308158655002E1i          2.100524655996627E2                               5.670019446229348E0
3.000000000000000E-1                              2.139086552047320E2+2.509767006233944E1i          2.139086552047320E2                               4.261524170837570E0
3.000000000000000E-1                              2.172089465795250E2+2.062393911376756E1i          2.172089465795250E2                               5.265942296021586E0
3.000000000000000E-1                              2.211372840235786E2+2.424351271397428E1i          2.211372840235786E2                               4.560751707736482E0
3.000000000000000E-1                              2.215878774059568E2+1.618122965850513E1i          2.215878774059568E2                               6.847065460488240E0
3.000000000000000E-1                              2.216690221630967E2+1.960148190062082E1i          2.216690221630967E2                               5.654394481166141E0
3.000000000000000E-1                              2.246955680868539E2+1.749650219136519E1i          2.246955680868539E2                               6.421156801207524E0
3.000000000000000E-1                              2.271134228311904E2+2.151140094830912E1i          2.271134228311904E2                               5.278908225850404E0
3.000000000000000E-1                              2.271783943112714E2+1.885160390234556E1i          2.271783943112714E2                               6.025439413221635E0
3.000000000000000E-1                              2.315489443623079E2+2.505787603879529E1i          2.315489443623079E2                               4.620282740720274E0
3.000000000000000E-1                              2.342864442855649E2+1.674206919738286E1i          2.342864442855649E2                               6.996938118084855E0
3.000000000000000E-1                              2.373058703287472E2+1.639727186211752E1i          2.373058703287472E2                               7.236138801753755E0
4.000000000000000E-1                              1.672066684981038E2+1.324315549685711E1i          1.672066684981038E2                               6.312946659041554E0
4.000000000000000E-1                              1.708610514551177E2+1.350146552181831E1i          1.708610514551177E2                               6.327500195404973E0
4.000000000000000E-1                              1.718461006157516E2+1.339127385829287E1i          1.718461006157516E2                               6.416346287673438E0
4.000000000000000E-1                              1.731603817210833E2+1.214272213258865E1i          1.731603817210833E2                               7.130212642202992E0
4.000000000000000E-1                              1.778710820729395E2+1.564409488977544E1i          1.778710820729395E2                               5.684927230567724E0
4.000000000000000E-1                              1.785914714479485E2+1.573394967816638E1i          1.785914714479485E2                               5.675354094203553E0
4.000000000000000E-1                              1.830905565776078E2+1.428145982238119E1i          1.830905565776078E2                               6.410078481286539E0
4.000000000000000E-1                              1.869933385588765E2+1.404837955172790E1i          1.869933385588765E2                               6.655334797523925E0
4.000000000000000E-1                              1.874370844403590E2+1.298667566571987E1i          1.874370844403590E2                               7.216515190839991E0
4.000000000000000E-1                              1.884194868105437E2+1.699371345010082E1i          1.884194868105437E2                               5.543799692863063E0
4.000000000000000E-1                              1.896503088528042E2+1.499669241627707E1i          1.896503088528042E2                               6.323071234259698E0
4.000000000000000E-1                              1.964488365050026E2+1.731623673260016E1i          1.964488365050026E2                               5.672388277504923E0
4.000000000000000E-1                              1.991647833626046E2+1.501573915578913E1i          1.991647833626046E2                               6.631867445760038E0
4.000000000000000E-1                              1.992868099912596E2+1.749417662633704E1i          1.992868099912596E2                               5.695804216679689E0
4.000000000000000E-1                              2.020053521252720E2+1.366849214749607E1i          2.020053521252720E2                               7.389452689639848E0
4.000000000000000E-1                              2.043610919027765E2+1.557886599938824E1i          2.043610919027765E2                               6.558920652851159E0
4.000000000000000E-1                              2.087018968712385E2+1.631876969028649E1i          2.087018968712385E2                               6.394535275397181E0
4.000000000000000E-1                              2.124419322690833E2+1.602489439726061E1i          2.124419322690833E2                               6.628497105896668E0
4.000000000000000E-1                              2.149754669380134E2+1.829786771261047E1i          2.149754669380134E2                               5.874331105527046E0
4.000000000000000E-1                              2.153337731786469E2+1.553640412430853E1i          2.153337731786469E2                               6.929974640712771E0
4.000000000000000E-1                              2.168045254142302E2+1.421964296798743E1i          2.168045254142302E2                               7.623416632271306E0
4.000000000000000E-1                              2.180566487576353E2+1.872050649701468E1i          2.180566487576353E2                               5.824005050087942E0
4.000000000000000E-1                              2.207747681493062E2+1.630792191228517E1i          2.207747681493062E2                               6.768942399184256E0
4.000000000000000E-1                              2.213630785623199E2+2.000402726024624E1i          2.213630785623199E2                               5.532962829995539E0
4.000000000000000E-1                              2.260352574182378E2+1.722700270598130E1i          2.260352574182378E2                               6.560492886547155E0
4.000000000000000E-1                              2.302522091682462E2+1.983255170400878E1i          2.302522091682462E2                               5.804906312728913E0
4.000000000000000E-1                              2.313059345076193E2+1.704661554096447E1i          2.313059345076193E2                               6.784511973997756E0
4.000000000000000E-1                              2.315443195185087E2+1.590816248455730E1i          2.315443195185087E2                               7.277531887899631E0
4.000000000000000E-1                              2.317908947865151E2+1.466668501420342E1i          2.317908947865151E2                               7.901952437174646E0
4.000000000000000E-1                              2.333751549712981E2+1.887754221562315E1i          2.333751549712981E2                               6.181290771479659E0
5.000000000000000E-1                              1.632230361688773E2+7.770294069314668E0i          1.632230361688773E2                               1.050301537579217E1
5.000000000000000E-1                              1.642621517364078E2+9.188400148927947E0i          1.642621517364078E2                               8.938561070153929E0
5.000000000000000E-1                              1.670314204204324E2+9.033118464596015E0i          1.670314204204324E2                               9.245501488499660E0
5.000000000000000E-1                              1.695124373281363E2+8.161100993171928E0i          1.695124373281363E2                               1.038539024758796E1
5.000000000000000E-1                              1.744160184361842E2+1.018779480085950E1i          1.744160184361842E2                               8.560047676925603E0
5.000000000000000E-1                              1.754864700483086E2+9.083521547274156E0i          1.754864700483086E2                               9.659605535970229E0
5.000000000000000E-1                              1.808783580542195E2+1.056409779043836E1i          1.808783580542195E2                               8.560994116219456E0
5.000000000000000E-1                              1.839245212201859E2+1.062046896492055E1i          1.839245212201859E2                               8.658964205238455E0
5.000000000000000E-1                              1.869252909911531E2+1.088554091996515E1i          1.869252909911531E2                               8.585944068627485E0
5.000000000000000E-1                              1.883366686574082E2+1.018945708849717E1i          1.883366686574082E2                               9.241742078192790E0
5.000000000000000E-1                              1.910974478294225E2+1.228618757480534E1i          1.910974478294225E2                               7.776922119490354E0
5.000000000000000E-1                              1.920220487127998E2+1.218829358667580E1i          1.920220487127998E2                               7.877314709694787E0
5.000000000000000E-1                              1.953632437906414E2+1.180514738131432E1i          1.953632437906414E2                               8.274494060949657E0
5.000000000000000E-1                              2.003277870084528E2+1.149667967633536E1i          2.003277870084528E2                               8.712419265747018E0
5.000000000000000E-1                              2.007062305691016E2+1.337794668110151E1i          2.007062305691016E2                               7.501384007331682E0
5.000000000000000E-1                              2.016668801095029E2+1.113024543358085E1i          2.016668801095029E2                               9.059408497006620E0
5.000000000000000E-1                              2.031143109606858E2+1.241150486725873E1i          2.031143109606858E2                               8.182501361962029E0
5.000000000000000E-1                              2.080452098655310E2+1.406363116885594E1i          2.080452098655310E2                               7.396568047313744E0
5.000000000000000E-1                              2.102841709221254E2+1.278863050376222E1i          2.102841709221254E2                               8.221528132361904E0
5.000000000000000E-1                              2.108923885672565E2+1.381192147706458E1i          2.108923885672565E2                               7.634433374004274E0
5.000000000000000E-1                              2.153836210689659E2+1.192655553492675E1i          2.153836210689659E2                               9.029581945860983E0
5.000000000000000E-1                              2.175917528102326E2+1.336346410501483E1i          2.175917528102326E2                               8.141292972402947E0
5.000000000000000E-1                              2.191703257535994E2+1.300394635751773E1i          2.191703257535994E2                               8.427069742059285E0
5.000000000000000E-1                              2.243615560426389E2+1.298589927677121E1i          2.243615560426389E2                               8.638660721940534E0
5.000000000000000E-1                              2.252377134816630E2+1.533549333277584E1i          2.252377134816630E2                               7.343673548482228E0
5.000000000000000E-1                              2.255026973444229E2+1.356004002860313E1i          2.255026973444229E2                               8.314971669285430E0
5.000000000000000E-1                              2.286083462338209E2+1.517130922162102E1i          2.286083462338209E2                               7.534232639198510E0
5.000000000000000E-1                              2.294166598689486E2+1.259998576770207E1i          2.294166598689486E2                               9.103845992311335E0
5.000000000000000E-1                              2.317481576451600E2+1.619129876754801E1i          2.317481576451600E2                               7.156564799781521E0
5.000000000000000E-1                              2.331959208327563E2+1.425716911573573E1i          2.331959208327563E2                               8.178198593975306E0
6.000000000000001E-1                              1.618506120946744E2+3.328685770095116E0i          1.618506120946744E2                               2.431148856836216E1
6.000000000000001E-1                              1.628984825363346E2+3.798829664536542E0i          1.628984825363346E2                               2.144061420508680E1
6.000000000000001E-1                              1.709864978209838E2+4.435924166855316E0i          1.709864978209838E2                               1.927292841236715E1
6.000000000000001E-1                              1.715485071636217E2+4.920616156380640E0i          1.715485071636217E2                               1.743160833030759E1
6.000000000000001E-1                              1.731043254670267E2+5.462937401776000E0i          1.731043254670267E2                               1.584352086944567E1
6.000000000000001E-1                              1.769504957309120E2+5.864925153513445E0i          1.769504957309120E2                               1.508548626787743E1
6.000000000000001E-1                              1.808558714596870E2+6.983661549077697E0i          1.808558714596870E2                               1.294849916399312E1
6.000000000000001E-1                              1.819053553766841E2+6.224172879372685E0i          1.819053553766841E2                               1.461281353378939E1
6.000000000000001E-1                              1.844895300683251E2+7.032788857987812E0i          1.844895300683251E2                               1.311638482213089E1
6.000000000000001E-1                              1.869339451705530E2+6.232721053399466E0i          1.869339451705530E2                               1.499617450941392E1
6.000000000000001E-1                              1.912755760706017E2+7.865213797211370E0i          1.912755760706017E2                               1.215959165270364E1
6.000000000000001E-1                              1.931197711411782E2+7.461327075736669E0i          1.931197711411782E2                               1.294138222201653E1
6.000000000000001E-1                              1.968815398459393E2+8.466730045990674E0i          1.968815398459393E2                               1.162677555422772E1
6.000000000000001E-1                              1.982029338508038E2+8.373789095812123E0i          1.982029338508038E2                               1.183472210626421E1
6.000000000000001E-1                              2.034830552751569E2+8.844960449314101E0i          2.034830552751569E2                               1.150276795703119E1
6.000000000000001E-1                              2.049856768584827E2+8.550333068128845E0i          2.049856768584827E2                               1.198699952534959E1
6.000000000000001E-1                              2.064707351376926E2+9.660166969019345E0i          2.064707351376926E2                               1.068670633747092E1
6.000000000000001E-1                              2.070889224610437E2+9.665318663665646E0i          2.070889224610437E2                               1.071298990066116E1
6.000000000000001E-1                              2.100447046602056E2+9.723800690388924E0i          2.100447046602056E2                               1.080054555559820E1
6.000000000000001E-1                              2.135088558093229E2+9.438172143493809E0i          2.135088558093229E2                               1.131092189055404E1
6.000000000000001E-1                              2.150372630895326E2+1.002540595776856E1i          2.150372630895326E2                               1.072461623974952E1
6.000000000000001E-1                              2.174057739288035E2+9.515617128302763E0i          2.174057739288035E2                               1.142362975503517E1
6.000000000000001E-1                              2.182180006469162E2+1.031561551283871E1i          2.182180006469162E2                               1.057707125548273E1
6.000000000000001E-1                              2.220232187189779E2+1.150636095611349E1i          2.220232187189779E2                               9.647846941609014E0
6.000000000000001E-1                              2.237959079006093E2+1.079708642560367E1i          2.237959079006093E2                               1.036371753818284E1
6.000000000000001E-1                              2.244968611726935E2+1.110433303908687E1i          2.244968611726935E2                               1.010852522085173E1
6.000000000000001E-1                              2.302840460417148E2+1.036355713782150E1i          2.302840460417148E2                               1.111028013737194E1
6.000000000000001E-1                              2.304794268894419E2+9.924652981574644E0i          2.304794268894419E2                               1.161146023530155E1
6.000000000000001E-1                              2.323239708625984E2+1.144813628348748E1i          2.323239708625984E2                               1.014680316121398E1
6.000000000000001E-1                              2.369064865605384E2+1.015423876292638E1i          2.369064865605384E2                               1.166539866215750E1
7.000000000000001E-1                              1.742169419520272E2+9.402134278343043E-1i         1.742169419520272E2                               9.264755043613877E1
7.000000000000001E-1                              1.759418360605004E2+1.831377195251755E0i          1.759418360605004E2                               4.803539011970555E1
7.000000000000001E-1                              1.765440737203915E2+1.643927167254131E0i          1.765440737203915E2                               5.369583191914609E1
7.000000000000001E-1                              1.833711331025362E2+2.535010861879074E0i          1.833711331025362E2                               3.616772138140121E1
7.000000000000001E-1                              1.842148202861496E2+2.887347657185746E0i          1.842148202861496E2                               3.190035322343222E1
7.000000000000001E-1                              1.887313141842389E2+3.180226074374786E0i          1.887313141842389E2                               2.967262543140779E1
7.000000000000001E-1                              1.921683235160988E2+3.905923503362934E0i          1.921683235160988E2                               2.459960152197619E1
7.000000000000001E-1                              1.932388374968509E2+4.245476037223114E0i          1.932388374968509E2                               2.275820612371714E1
7.000000000000001E-1                              1.964864550571774E2+4.480954207108825E0i          1.964864550571774E2                               2.192462207552365E1
7.000000000000001E-1                              1.987386859933903E2+5.251528770977544E0i          1.987386859933903E2                               1.892198392701523E1
7.000000000000001E-1                              2.015688902429245E2+5.038155154587162E0i          2.015688902429245E2                               2.000423608028418E1
7.000000000000001E-1                              2.033898575020494E2+5.578667995809219E0i          2.033898575020494E2                               1.822924913750369E1
7.000000000000001E-1                              2.049530924389397E2+4.546811014136732E0i          2.049530924389397E2                               2.253811427412633E1
7.000000000000001E-1                              2.094959136044315E2+6.177444521164006E0i          2.094959136044315E2                               1.695651922786969E1
7.000000000000001E-1                              2.118493781604621E2+6.173074350166666E0i          2.118493781604621E2                               1.715914681594127E1
7.000000000000001E-1                              2.134992289679857E2+6.577030108709613E0i          2.134992289679857E2                               1.623067140024644E1
7.000000000000001E-1                              2.145489493772598E2+6.860950048945774E0i          2.145489493772598E2                               1.563551314662512E1
7.000000000000001E-1                              2.211297870133173E2+7.117285335812980E0i          2.211297870133173E2                               1.553470014055988E1
7.000000000000001E-1                              2.228168290156803E2+7.200536658289586E0i          2.228168290156803E2                               1.547223766711634E1
7.000000000000001E-1                              2.229759375943255E2+7.367734518441881E0i          2.229759375943255E2                               1.513191992981040E1
7.000000000000001E-1                              2.237655927551865E2+7.947456565759388E0i          2.237655927551865E2                               1.407781161832656E1
7.000000000000001E-1                              2.265329219764911E2+8.044688421227920E0i          2.265329219764911E2                               1.407965791308507E1
7.000000000000001E-1                              2.266549539920495E2+5.737237493195249E0i          2.266549539920495E2                               1.975296946142438E1
7.000000000000001E-1                              2.283200559857735E2+7.528895722610732E0i          2.283200559857735E2                               1.516291793629736E1
7.000000000000001E-1                              2.343857764899396E2+8.143530860612108E0i          2.343857764899396E2                               1.439091841743951E1
7.000000000000001E-1                              2.347610578832086E2+8.601941004022752E0i          2.347610578832086E2                               1.364581887817070E1
7.000000000000001E-1                              2.377856522587581E2+9.485296422747735E0i          2.377856522587581E2                               1.253443443730963E1
7.000000000000001E-1                              2.391882710282629E2+9.110189723156248E0i          2.391882710282629E2                               1.312751316365536E1
7.000000000000001E-1                              2.396689405685611E2+8.957476000182545E0i          2.396689405685611E2                               1.337815142143149E1
7.000000000000001E-1                              2.416955715206745E2+6.848369760780924E0i          2.416955715206745E2                               1.764621216167465E1
8.000000000000000E-1                              1.556857874190489E2+1.558683672994799E-4i         1.556857874190489E2                               4.994143138739620E5
8.000000000000000E-1                              1.948269613588813E2+3.596733386100532E-1i         1.948269613588813E2                               2.708387590136430E2
8.000000000000000E-1                              1.979971219413859E2+1.263931418571584E0i          1.979971219413859E2                               7.832589610168479E1
8.000000000000000E-1                              1.992150287544159E2+1.240648094011812E0i          1.992150287544159E2                               8.028667827563652E1
8.000000000000000E-1                              2.052536001802064E2+1.907220758114690E0i          2.052536001802064E2                               5.380960733226866E1
8.000000000000000E-1                              2.060831887864258E2+2.254831563801152E0i          2.060831887864258E2                               4.569813375306284E1
8.000000000000000E-1                              2.067489728490261E2+2.358345465083044E0i          2.067489728490261E2                               4.383347900256545E1
8.000000000000000E-1                              2.134033137363875E2+3.151677268521057E0i          2.134033137363875E2                               3.385551494562264E1
8.000000000000000E-1                              2.141717744453142E2+3.375630997531106E0i          2.141717744453142E2                               3.172322072554091E1
8.000000000000000E-1                              2.166282678991830E2+3.394681217075732E0i          2.166282678991830E2                               3.190701188811364E1
8.000000000000000E-1                              2.171381733649112E2+3.745397268160807E0i          2.171381733649112E2                               2.898733536369798E1
8.000000000000000E-1                              2.199217869045505E2+1.536791593106450E0i          2.199217869045505E2                               7.155224816788706E1
8.000000000000000E-1                              2.220453575161855E2+4.152725359629530E0i          2.220453575161855E2                               2.673489555495123E1
8.000000000000000E-1                              2.233122852606271E2+4.509243351395226E0i          2.233122852606271E2                               2.476161385163777E1
8.000000000000000E-1                              2.287042458891702E2+4.842674838699000E0i          2.287042458891702E2                               2.361342166332732E1
8.000000000000000E-1                              2.293744497508902E2+4.868538730217072E0i          2.293744497508902E2                               2.355680651437101E1
8.000000000000000E-1                              2.300615446518276E2+3.574761524807678E0i          2.300615446518276E2                               3.217858632740612E1
8.000000000000000E-1                              2.314424261776268E2+5.153759678215841E0i          2.314424261776268E2                               2.245374645192507E1
8.000000000000000E-1                              2.334280549935647E2+5.631458427709865E0i          2.334280549935647E2                               2.072536430749187E1
8.000000000000000E-1                              2.389870629403014E2+5.239259433483975E0i          2.389870629403014E2                               2.280733240779614E1
8.000000000000000E-1                              2.404150016017949E2+6.000883316217892E0i          2.404150016017949E2                               2.003163442222357E1
8.000000000000000E-1                              2.415501015190061E2+6.104716817276471E0i          2.415501015190061E2                               1.978389078060218E1
8.000000000000000E-1                              2.416054160529079E2+6.106421420210492E0i          2.416054160529079E2                               1.978289733273761E1
8.000000000000000E-1                              2.421763011887725E2+6.529998065542936E0i          2.421763011887725E2                               1.854336699322106E1
8.000000000000000E-1                              2.443833078613308E2+6.709160653139715E0i          2.443833078613308E2                               1.821265881798237E1
8.000000000000000E-1                              2.518053948630196E2+4.718133968040784E0i          2.518053948630196E2                               2.668485004544947E1
8.000000000000000E-1                              2.523089565768567E2+7.087575334551942E0i          2.523089565768567E2                               1.779938446275485E1
8.000000000000000E-1                              2.523849361529126E2+6.992890201366684E0i          2.523849361529126E2                               1.804582432193678E1
8.000000000000000E-1                              2.534451441691853E2+7.206823325786927E0i          2.534451441691853E2                               1.758369344662068E1
8.000000000000000E-1                              2.549985810084290E2+7.940316535424210E0i          2.549985810084290E2                               1.605720501637443E1
9.000000000000000E-1                              1.647780485849902E2+8.249024760684344E-6i         1.647780485849902E2                               9.987729056793384E6
9.000000000000000E-1                              2.118007687099268E2+3.606830894851540E-2i         2.118007687099268E2                               2.936106167498112E3
9.000000000000000E-1                              2.165696870327869E2+7.339782792376594E-2i         2.165696870327869E2                               1.475314005597858E3
9.000000000000000E-1                              2.210523193100833E2+8.121150261817880E-1i         2.210523193100833E2                               1.360966810018128E2
9.000000000000000E-1                              2.221202327394543E2+9.477939356517003E-1i         2.221202327394543E2                               1.171774920604050E2
9.000000000000000E-1                              2.256722394515669E2+1.643099861447495E0i          2.256722394515669E2                               6.867270965891268E1
9.000000000000000E-1                              2.277291339346364E2+1.572805164731198E0i          2.277291339346364E2                               7.239585011585230E1
9.000000000000000E-1                              2.283454281891117E2+1.799910820557318E0i          2.283454281891117E2                               6.343242831286710E1
9.000000000000000E-1                              2.350842224037796E2+2.559620509587948E0i          2.350842224037796E2                               4.592169454870166E1
9.000000000000000E-1                              2.354966587381514E2+2.467356632948094E0i          2.354966587381514E2                               4.772246046506272E1
9.000000000000000E-1                              2.356999142570154E2+2.721113947457589E0i          2.356999142570154E2                               4.330945318869065E1
9.000000000000000E-1                              2.368951000235395E2+2.477358954569330E0i          2.368951000235395E2                               4.781202570313876E1
9.000000000000000E-1                              2.430001447615369E2+3.457927654934163E0i          2.430001447615369E2                               3.513667274310912E1
9.000000000000000E-1                              2.439762348935751E2+3.701644237425645E0i          2.439762348935751E2                               3.295511659748959E1
9.000000000000000E-1                              2.441909472926645E2+2.978259311816702E0i          2.441909472926645E2                               4.099558193670365E1
9.000000000000000E-1                              2.453720081407230E2+3.395968561328417E0i          2.453720081407230E2                               3.612695519842205E1
9.000000000000000E-1                              2.486761317084117E2+3.878792748869313E0i          2.486761317084117E2                               3.205586735472035E1
9.000000000000000E-1                              2.517180653550418E2+4.342080350721818E0i          2.517180653550418E2                               2.898588292052181E1
9.000000000000000E-1                              2.532130203139774E2+4.682476662797447E0i          2.532130203139774E2                               2.703836436877196E1
9.000000000000000E-1                              2.539167036557132E2+2.581841094471244E0i          2.539167036557132E2                               4.917357311405620E1
9.000000000000000E-1                              2.569819952720147E2+4.910348181977417E0i          2.569819952720147E2                               2.616739035077213E1
9.000000000000000E-1                              2.580786883336082E2+7.332432741104611E-1i         2.580786883336082E2                               1.759843543377183E2
9.000000000000000E-1                              2.582224499804113E2+4.329171732324284E0i          2.582224499804113E2                               2.982353969147980E1
9.000000000000000E-1                              2.610356150628290E2+5.413968838677564E0i          2.610356150628290E2                               2.410760228226494E1
9.000000000000000E-1                              2.611507032771430E2+5.203084887370939E0i          2.611507032771430E2                               2.509575654925549E1
9.000000000000000E-1                              2.611988889335727E2+6.380958777721446E-1i         2.611988889335727E2                               2.046705660014021E2
9.000000000000000E-1                              2.623960519008255E2+5.074905581328338E0i          2.623960519008255E2                               2.585230874700770E1
9.000000000000000E-1                              2.632751321147796E2+5.648125786154842E0i          2.632751321147796E2                               2.330641544493765E1
9.000000000000000E-1                              2.683272350542222E2+1.111364607378640E0i          2.683272350542222E2                               1.207197139771807E2
9.000000000000000E-1                              2.694877173201390E2+1.119142023116601E0i          2.694877173201390E2                               1.203992486001313E2
1.000000000000000E0                               1.684108708686599E2+4.885672157396376E-7i         1.684108708686599E2                               1.723517925918384E8
1.000000000000000E0                               2.147050248252601E2+1.058757868815160E-4i         2.147050248252601E2                               1.013947717175095E6
1.000000000000000E0                               2.193534964633353E2+6.282755981804595E-4i         2.193534964633353E2                               1.745678943274273E5
1.000000000000000E0                               2.416111528340510E2+3.068074388012630E-1i         2.416111528340510E2                               3.937504803958754E2
1.000000000000000E0                               2.423134390899452E2+4.012413799828108E-1i         2.423134390899452E2                               3.019546975692362E2
1.000000000000000E0                               2.435936772582562E2+4.740899064048089E-1i         2.435936772582562E2                               2.569066267467209E2
1.000000000000000E0                               2.439997405771083E2+4.822542365171579E-1i         2.439997405771083E2                               2.529783277170103E2
1.000000000000000E0                               2.454973974441636E2+8.410643870434088E-1i         2.454973974441636E2                               1.459444729952007E2
1.000000000000000E0                               2.466035430827843E2+9.589912887367732E-1i         2.466035430827843E2                               1.285744437822901E2
1.000000000000000E0                               2.482360566576840E2+9.675826480926037E-1i         2.482360566576840E2                               1.282764098483121E2
1.000000000000000E0                               2.496623369238626E2+1.169890185552467E0i          2.496623369238626E2                               1.067033213916409E2
1.000000000000000E0                               2.509224810820969E2+1.471690890435259E0i          2.509224810820969E2                               8.524972285718421E1
1.000000000000000E0                               2.509459313565935E2+1.480876538841763E0i          2.509459313565935E2                               8.472884969629735E1
1.000000000000000E0                               2.527398382724246E2+1.162830682978191E0i          2.527398382724246E2                               1.086743934315176E2
1.000000000000000E0                               2.531490410268147E2+1.882084776196646E0i          2.531490410268147E2                               6.725229496260609E1
1.000000000000000E0                               2.532486172935661E2+1.712072434955939E0i          2.532486172935661E2                               7.395966786302579E1
1.000000000000000E0                               2.543501196590133E2+1.676269837122943E0i          2.543501196590133E2                               7.586789251531417E1
1.000000000000000E0                               2.566384047907152E2+1.542744009021796E0i          2.566384047907152E2                               8.317595248787947E1
1.000000000000000E0                               2.572169912630650E2+2.177138779200109E0i          2.572169912630650E2                               5.907225430929299E1
1.000000000000000E0                               2.575752355730054E2+2.205213484043554E0i          2.575752355730054E2                               5.840142857749688E1
1.000000000000000E0                               2.576306347359960E2+2.276192347092407E0i          2.576306347359960E2                               5.659245693034065E1
1.000000000000000E0                               2.579421251287018E2+2.076453513614752E0i          2.579421251287018E2                               6.211122075149869E1
1.000000000000000E0                               2.605658615054798E2+2.509771576517846E0i          2.605658615054798E2                               5.191027421447630E1
1.000000000000000E0                               2.636607311941819E2+2.868790159834987E0i          2.636607311941819E2                               4.595329677395222E1
1.000000000000000E0                               2.644436441281384E2+2.902841089942300E0i          2.644436441281384E2                               4.554910791437688E1
1.000000000000000E0                               2.645444500193999E2+2.947939802584960E0i          2.645444500193999E2                               4.486937789357652E1
1.000000000000000E0                               2.651979424306857E2+3.090526512558041E0i          2.651979424306857E2                               4.290497773649258E1
1.000000000000000E0                               2.652299681743568E2+3.094241500200717E0i          2.652299681743568E2                               4.285864050319794E1
1.000000000000000E0                               2.661600726980219E2+3.094068507538494E0i          2.661600726980219E2                               4.301134122427161E1
1.000000000000000E0                               2.683683312666822E2+3.306056597840209E0i          2.683683312666822E2                               4.058737703431978E1
